101.7 258.6 95.7 256.6
121.3 246.7 114.9 244.8
141.9 234.2 136.8 231.4
164.7 220.8 160.2 217.8
188.2 207.8 183.7 205.0
213.3 194.2 209.7 191.0
240.6 180.4 237.1 177.2
269.6 166.2 266.3 162.9
301.4 152.7 298.6 148.8
334.8 139.6 332.9 135.4
371.3 126.0 369.8 121.7
409.4 112.7 408.3 108.6
450.2 99.5 449.5 95.4
492.7 87.1 492.9 82.6
537.6 74.9 538.6 70.4
584.7 63.6 586.5 58.7
634.4 53.2 636.6 48.5
686.1 45.3 688.6 40.0
739.7 37.6 743.0 32.6
794.7 31.9 798.4 26.9
850.4 27.7 855.0 22.7
907.0 25.5 912.2 20.4
964.3 24.6 970.1 19.4
1021.1 26.0 1027.6 20.7
1077.8 28.4 1085.3 23.5
1133.7 33.0 1141.5 27.7
1188.4 38.8 1196.7 33.7
1241.5 46.2 1250.7 41.1
1292.7 54.7 1302.7 50.6
1342.1 65.3 1352.3 61.3
1388.9 76.8 1399.8 73.0
1433.8 89.3 1445.2 85.4
1475.8 101.6 1487.9 97.8
1515.9 114.6 1528.5 110.8
1554.0 128.3 1567.3 124.9
1589.6 141.6 1603.5 138.4
1622.8 154.5 1637.7 152.0
1654.7 168.6 1668.5 166.6
1683.1 182.4 1697.7 180.9
1710.2 196.6 1724.8 195.1
1734.6 209.8 1750.4 208.8
1758.5 223.0 1774.2 222.5
1780.2 235.7 1796.8 235.7
1801.2 248.7 1817.4 248.3
1820.3 260.7 1837.3 260.7
1838.6 272.4 1855.8 272.3
1856.8 284.2 1874.3 284.0
90.4 291.2 83.5 289.8
109.4 279.7 103.7 277.5
129.7 267.3 124.2 265.3
151.5 254.7 146.4 252.6
174.8 241.7 170.6 239.1
199.8 228.7 195.8 225.9
226.4 214.8 223.3 211.6
256.1 201.5 252.6 198.4
288.2 188.4 285.4 184.8
322.0 175.2 319.6 171.7
358.0 161.6 356.0 158.4
396.6 148.3 395.2 144.7
437.2 135.5 436.7 131.5
480.3 122.7 480.1 118.7
525.8 110.3 526.3 106.5
574.4 99.5 575.3 95.2
625.4 89.8 627.1 85.6
678.3 81.0 680.6 76.4
732.9 73.7 735.9 69.4
789.3 67.6 793.1 63.2
847.0 63.5 851.4 58.9
905.6 60.7 910.5 56.3
964.4 60.1 969.7 55.6
1023.6 61.3 1029.5 56.5
1081.7 64.0 1088.8 59.2
1139.1 68.5 1146.5 64.2
1194.9 74.6 1203.3 70.4
1249.7 82.6 1258.5 77.9
1302.3 91.5 1311.9 86.9
1353.0 101.3 1363.1 97.0
1400.8 112.2 1411.6 108.6
1446.0 124.4 1457.4 121.3
1488.9 137.5 1500.7 134.3
1529.5 150.9 1541.9 147.7
1567.2 164.0 1580.3 160.9
1602.6 177.0 1616.7 174.7
1636.6 191.0 1650.7 188.3
1668.1 203.9 1683.1 201.9
1697.2 217.2 1711.4 216.0
1723.7 230.9 1738.4 229.9
1748.4 243.9 1763.2 243.2
1771.2 256.8 1786.5 256.3
1793.1 269.5 1809.1 269.5
1812.9 281.6 1829.7 282.1
1832.1 293.3 1848.9 293.8
1850.3 304.9 1866.9 305.1
1868.5 316.4 1884.8 316.4
78.6 325.4 72.1 323.9
97.3 314.4 91.4 312.5
117.6 302.4 112.0 300.6
139.3 289.8 133.6 288.6
161.7 277.7 157.2 275.5
186.4 264.6 181.9 262.9
213.5 251.8 209.2 249.3
243.4 239.3 239.5 236.8
274.7 226.2 271.9 223.2
308.7 213.2 305.9 210.3
344.6 200.0 342.5 196.7
383.2 186.6 381.8 183.3
424.0 173.5 423.4 170.3
467.7 161.0 467.6 157.2
514.6 149.5 515.2 145.9
564.3 138.6 564.9 135.1
615.8 128.8 617.5 125.1
669.9 120.1 672.5 115.8
726.3 112.3 729.0 108.3
784.2 106.3 787.5 102.1
843.7 101.6 847.6 97.6
903.5 99.5 908.2 95.1
964.9 98.4 969.9 94.2
1025.2 99.5 1031.3 95.2
1085.7 102.5 1092.4 98.3
1144.6 107.2 1152.1 103.2
1202.2 113.4 1210.4 109.5
1258.0 121.5 1266.9 117.4
1312.0 130.6 1321.4 126.6
1363.3 140.5 1373.7 136.9
1412.3 151.4 1423.4 147.8
1458.8 162.7 1470.2 160.1
1501.8 175.5 1513.8 173.2
1542.4 188.9 1554.9 186.5
1580.4 202.1 1594.1 200.4
1616.2 215.5 1629.6 213.1
1649.4 228.3 1663.8 226.7
1680.9 241.3 1695.8 239.6
1710.1 254.0 1725.3 252.9
1736.8 267.1 1751.4 266.5
1761.0 279.7 1776.5 280.1
1784.1 292.5 1799.4 292.5
1805.3 304.7 1821.1 304.8
1825.2 315.9 1841.3 316.5
1843.3 327.3 1860.6 328.7
1860.7 337.8 1878.0 339.2
1878.0 348.4 1895.4 349.7
67.7 360.9 61.5 359.6
86.3 349.9 80.1 348.7
105.9 338.9 100.3 337.5
126.5 327.2 121.6 325.7
149.5 315.0 144.3 313.6
173.5 302.7 169.1 300.9
201.3 291.0 197.2 289.1
230.6 278.9 226.9 276.5
262.3 265.9 258.8 263.8
295.5 253.4 293.0 250.8
331.4 240.5 329.5 237.5
370.1 227.5 368.5 224.6
411.6 214.6 410.4 211.6
456.0 203.2 455.6 199.9
503.7 191.6 503.7 188.3
553.8 180.6 554.3 177.5
606.6 170.7 607.8 167.4
661.8 161.7 663.7 158.5
719.1 154.1 722.1 150.3
779.0 147.9 782.3 144.4
839.9 143.9 843.8 140.2
902.3 141.6 906.7 137.4
964.8 140.6 969.9 136.9
1027.3 141.4 1033.2 137.8
1089.3 144.6 1095.9 140.7
1150.3 149.0 1157.5 144.8
1209.4 155.3 1217.4 151.8
1266.6 163.1 1275.2 159.8
1321.4 172.5 1330.8 169.2
1373.7 182.5 1383.9 179.3
1423.5 193.5 1434.4 190.6
1470.4 205.0 1482.0 202.1
1514.8 216.7 1526.6 214.4
1555.6 229.7 1567.7 227.4
1593.7 242.5 1606.9 240.8
1629.0 255.4 1643.0 254.2
1662.4 268.1 1676.9 267.1
1693.3 280.6 1708.6 280.2
1722.4 293.0 1737.9 292.0
1749.9 305.2 1764.5 305.0
1773.7 317.3 1788.7 317.6
1795.7 329.3 1811.5 329.8
1816.8 340.9 1832.7 341.6
1836.0 352.1 1852.2 352.9
1854.0 362.3 1870.8 363.7
1871.0 372.6 1887.9 373.8
1888.0 382.8 1905.1 383.8
57.6 397.0 50.8 396.5
75.7 387.3 69.3 386.7
94.6 376.6 88.8 375.6
115.4 365.6 109.8 364.9
137.5 354.3 132.3 353.2
162.6 343.0 157.4 342.0
189.5 332.3 184.9 330.5
218.5 320.3 214.4 318.7
249.6 308.2 246.1 306.3
282.8 296.0 280.1 293.8
318.7 283.4 316.3 281.3
357.4 270.9 355.6 268.5
399.5 259.4 398.6 256.7
444.7 247.9 444.1 245.0
492.6 236.5 492.5 233.9
543.4 225.9 544.1 222.8
597.0 215.9 598.1 212.9
653.5 207.4 655.4 204.3
712.6 200.2 715.0 197.2
773.7 194.6 776.9 191.2
836.5 190.3 840.5 187.0
900.4 187.7 904.4 184.6
965.1 187.0 970.2 183.7
1029.3 188.1 1034.8 184.8
1093.0 190.7 1099.5 187.7
1155.7 195.2 1162.9 192.4
1216.2 201.5 1224.1 198.2
1275.1 208.7 1283.8 205.7
1331.4 217.6 1340.6 215.1
1384.5 227.6 1394.4 225.2
1434.6 238.5 1445.5 236.2
1482.1 249.8 1493.6 247.7
1526.8 261.5 1538.6 259.5
1568.5 272.8 1580.7 271.5
1606.5 285.6 1619.4 284.5
1641.7 297.8 1655.5 297.0
1675.2 310.6 1689.0 309.6
1705.5 322.2 1720.6 321.5
1734.3 333.8 1749.7 333.7
1761.0 345.0 1776.6 345.6
1785.2 356.1 1800.8 357.7
1807.2 367.4 1823.3 369.0
1827.3 378.4 1843.4 379.7
1846.5 388.8 1863.0 390.3
1864.0 398.6 1881.2 400.7
1880.6 408.5 1898.0 410.4
1897.3 418.3 1914.7 420.2
48.1 435.1 41.6 434.8
65.8 425.7 59.4 425.5
84.6 415.8 78.6 415.6
104.5 406.0 99.0 405.3
126.6 395.4 120.9 394.8
151.6 385.4 146.3 384.3
178.3 374.6 173.9 373.3
206.7 363.7 203.0 362.3
237.7 352.6 234.2 351.2
270.8 341.0 267.7 339.3
306.1 329.0 304.0 327.2
345.8 318.1 343.6 315.9
388.4 306.5 386.8 304.5
433.6 295.8 432.4 293.3
481.6 284.7 481.6 282.3
533.0 274.2 533.2 271.8
588.2 265.4 588.9 263.1
645.8 257.3 647.5 254.7
706.4 249.9 708.4 247.4
768.8 244.1 771.6 241.5
833.1 240.0 836.6 237.3
898.9 237.4 903.2 234.7
964.9 236.5 969.8 233.8
1031.5 237.5 1036.8 234.9
1096.8 240.6 1103.2 237.8
1160.7 245.0 1167.9 242.4
1223.0 250.9 1230.8 248.5
1282.6 258.3 1291.6 256.1
1340.4 266.7 1349.6 264.4
1394.9 276.0 1404.6 274.0
1445.6 286.5 1456.3 284.6
1493.1 297.4 1504.5 295.7
1538.0 308.5 1550.1 307.3
1580.1 319.8 1592.8 318.3
1618.7 330.9 1631.7 330.3
1653.9 342.7 1667.3 342.3
1686.8 354.4 1700.9 354.2
1717.1 365.6 1731.6 365.5
1745.5 376.5 1760.7 377.1
1771.8 387.4 1787.9 387.4
1796.6 397.2 1812.0 398.7
1818.3 408.0 1833.6 409.7
1837.9 417.5 1853.8 419.3
1855.9 427.0 1872.8 429.6
1873.3 436.3 1890.4 438.6
1889.4 444.9 1906.8 448.1
1905.4 453.4 -1 -1
39.7 473.6 33.0 473.9
57.0 465.1 50.4 465.6
75.1 456.5 69.0 456.7
95.1 446.9 88.9 447.6
116.7 438.2 111.0 438.0
141.4 429.3 136.2 428.5
167.8 419.5 163.4 418.5
196.3 409.2 192.2 408.0
226.5 398.7 222.8 397.9
259.5 388.1 256.3 387.0
295.4 377.6 292.7 376.2
335.2 367.2 333.2 365.6
377.3 356.5 376.0 354.9
422.9 345.8 421.7 344.5
471.2 335.6 470.7 333.8
523.7 327.0 524.3 324.7
579.5 318.2 580.5 316.0
638.5 309.9 639.7 308.3
699.9 303.3 701.9 301.2
763.9 297.8 766.7 295.6
829.7 294.0 833.4 292.0
897.0 291.7 901.1 289.7
965.5 291.4 970.2 289.1
1033.3 292.2 1038.6 289.6
1100.3 294.6 1106.7 292.6
1166.0 298.7 1172.9 296.6
1229.8 304.4 1237.4 302.4
1290.7 311.4 1299.3 309.6
1349.0 319.5 1358.1 317.7
1404.1 328.2 1414.2 326.9
1456.2 337.3 1466.7 336.4
1504.3 348.0 1515.3 346.8
1548.9 358.5 1560.6 357.4
1590.6 368.8 1603.5 368.3
1629.5 378.9 1643.3 378.8
1665.3 389.8 1678.9 390.1
1698.0 400.9 1711.8 401.0
1727.8 411.0 1742.7 411.6
1755.7 421.1 1770.9 422.1
1781.7 430.8 1797.6 431.7
1806.1 440.1 1822.5 442.1
1827.6 449.1 1843.2 451.4
1847.0 458.0 1863.3 460.6
1865.3 466.8 1881.6 469.5
1882.2 475.3 1898.4 477.7
1897.8 483.1 -1 -1
1913.3 490.9 -1 -1
32.4 513.5 25.1 514.6
48.5 506.1 42.1 506.8
66.8 498.4 60.5 498.9
85.6 490.0 80.0 490.7
108.4 482.5 102.8 482.0
132.6 474.0 127.2 473.8
158.4 465.5 153.4 465.6
186.4 456.5 182.1 456.0
216.3 447.0 212.8 446.4
248.9 437.5 245.6 436.9
285.5 428.2 282.6 427.5
325.0 418.8 322.8 417.8
367.3 409.1 365.5 408.2
412.6 399.5 411.7 398.3
462.2 390.7 462.1 389.1
515.3 382.1 515.5 380.7
571.3 374.1 572.3 372.5
631.0 366.5 632.3 365.0
693.9 360.8 696.2 359.1
759.6 355.9 762.3 354.4
826.8 352.1 830.3 350.4
895.8 349.9 899.8 348.4
965.2 349.3 969.8 347.5
1034.8 350.0 1040.6 348.7
1103.6 352.7 1110.1 350.8
1170.7 356.5 1177.6 355.2
1235.7 361.5 1243.4 360.3
1298.1 367.7 1306.6 366.5
1357.3 375.5 1366.4 374.3
1412.8 383.7 1422.9 382.8
1465.3 392.0 1476.2 391.4
1514.0 401.0 1525.5 400.7
1559.0 410.8 1570.8 410.6
1600.5 420.3 1613.4 420.2
1639.6 429.8 1653.3 430.3
1675.8 439.1 1689.2 439.9
1707.7 448.6 1721.8 449.5
1737.2 457.9 1751.9 459.3
1764.9 466.9 1780.2 468.2
1790.5 475.4 1806.6 477.2
1814.5 483.6 1831.3 485.8
1836.2 491.4 1851.8 494.4
1855.5 499.7 1871.3 502.7
1873.1 507.5 1889.6 510.8
1889.5 514.9 1906.4 518.2
1904.7 521.7 -1 -1
1919.9 528.5 -1 -1
25.4 554.6 18.3 555.7
42.3 547.6 35.4 549.2
59.3 541.5 53.0 542.4
78.6 534.7 72.3 535.3
100.8 527.8 94.8 528.2
124.8 520.5 119.4 520.8
150.2 513.1 145.1 513.5
178.2 505.2 173.4 505.5
207.6 497.3 203.7 497.2
240.6 488.9 237.0 488.8
276.9 481.1 274.1 480.7
315.7 473.0 313.8 472.2
358.3 464.3 356.2 463.5
404.2 455.7 403.1 455.1
454.4 448.2 453.4 447.4
507.2 440.5 507.6 439.4
564.1 433.4 564.9 432.3
625.0 427.1 626.1 426.3
688.8 421.7 690.6 420.6
755.2 417.2 757.8 416.1
823.8 413.8 827.2 412.5
894.2 412.2 898.2 410.8
965.6 411.7 970.1 410.4
1036.8 412.4 1041.8 411.2
1106.8 414.4 1112.7 413.0
1175.0 417.9 1182.1 417.1
1241.3 422.6 1248.5 421.7
1304.6 428.2 1312.8 427.4
1364.8 434.4 1373.6 433.7
1420.7 441.9 1430.8 441.5
1473.4 449.4 1483.9 449.3
1522.8 457.4 1534.5 457.3
1568.2 465.7 1579.9 465.8
1609.5 474.1 1622.4 474.7
1648.3 482.5 1661.6 483.2
1684.5 490.4 1698.4 491.6
1716.7 498.6 1730.7 500.2
1746.1 506.6 1760.7 508.6
1773.2 514.6 1788.6 516.6
1798.6 521.8 1814.5 524.2
1822.1 528.9 1838.5 531.4
1844.0 535.6 1859.8 538.9
1862.5 542.4 1878.2 545.7
1879.9 549.0 1896.4 552.9
1896.3 555.7 1912.8 559.0
1911.5 561.1 -1 -1
-1 -1 -1 -1
19.7 595.8 13.0 597.5
35.7 590.7 29.4 592.6
53.3 585.1 47.3 586.4
72.5 580.0 65.8 580.7
94.6 574.3 88.4 575.5
118.1 568.5 112.6 569.3
143.3 562.2 138.3 563.1
170.6 556.0 166.0 556.5
199.9 549.1 195.6 549.5
233.1 542.5 229.5 542.7
269.3 535.9 266.3 536.1
308.4 528.9 305.9 528.9
350.1 521.7 348.3 521.6
396.8 515.0 395.6 514.8
447.0 508.5 446.3 507.9
500.3 501.9 500.3 501.3
557.9 496.0 558.7 495.7
619.5 490.7 620.4 490.3
684.1 485.9 685.8 485.4
751.7 482.5 754.2 481.9
821.6 479.7 824.8 479.1
893.3 478.1 897.2 477.6
965.5 477.4 970.0 477.0
1037.8 478.2 1043.1 477.6
1109.3 480.0 1115.4 479.5
1178.7 482.8 1185.5 482.6
1246.1 486.6 1253.5 486.4
1309.9 491.5 1318.5 491.6
1370.7 497.1 1380.1 497.1
1427.8 502.9 1437.6 503.3
1480.6 509.7 1491.2 510.3
1530.1 516.1 1541.8 516.8
1575.7 522.9 1587.9 523.7
1617.4 530.0 1630.3 531.2
1655.8 537.1 1669.3 538.2
1691.8 543.7 1706.1 545.5
1724.1 550.5 1738.3 552.6
1753.3 557.0 1767.8 559.4
1779.8 563.4 1795.9 565.9
1804.8 569.5 1821.1 572.5
1828.4 575.5 1844.9 578.3
1850.4 581.1 1865.8 584.1
1868.7 586.3 1885.0 590.0
1885.7 591.5 1902.2 595.6
1901.5 597.0 -1 -1
1916.5 601.7 -1 -1
-1 -1 -1 -1
15.5 638.5 8.3 640.4
31.5 634.2 24.7 636.3
48.2 630.2 41.8 632.1
68.1 626.0 61.1 627.6
89.5 621.6 83.3 623.3
113.0 617.1 107.1 618.7
137.5 612.3 132.7 613.7
164.6 607.6 159.9 608.9
193.9 602.5 189.5 603.5
227.2 597.5 223.4 598.3
263.1 592.1 260.1 593.1
302.0 586.7 299.3 587.4
344.4 581.3 342.1 581.9
391.0 576.3 389.6 576.6
441.0 571.0 439.9 571.2
494.8 566.0 494.5 566.1
553.3 561.4 553.5 561.5
615.0 556.9 615.8 557.1
680.5 553.6 682.2 553.5
748.8 550.7 751.5 550.5
819.6 548.4 822.5 548.3
892.1 547.2 896.1 547.1
965.8 546.9 970.4 547.0
1039.0 547.4 1044.3 547.3
1111.6 548.8 1117.7 549.0
1181.8 551.2 1188.5 551.5
1250.1 554.3 1257.3 554.5
1314.7 557.9 1323.2 558.3
1375.7 562.0 1385.1 563.0
1433.6 566.8 1443.7 567.7
1486.7 571.7 1497.3 572.8
1536.1 577.0 1547.7 578.4
1582.3 582.4 1594.2 583.7
1623.7 587.7 1636.3 589.6
1661.7 593.0 1675.5 595.3
1697.6 598.5 1711.8 600.5
1730.1 603.0 1744.6 606.1
1758.9 608.4 1773.7 611.4
1785.5 613.3 1800.9 616.5
1810.2 618.2 1826.4 621.7
1833.3 622.4 1850.0 626.2
1854.7 626.6 1871.2 630.8
1873.6 630.5 1889.2 634.8
1890.5 635.1 1906.8 639.5
1905.7 638.7 -1 -1
1915.7 641.8 -1 -1
-1 -1 -1 -1
12.4 681.1 -1 -1
28.0 678.6 20.9 680.9
44.7 675.5 38.0 677.9
64.2 672.7 57.4 674.8
85.8 669.7 79.4 672.2
108.8 666.9 103.3 668.6
133.7 663.7 128.5 665.3
160.6 660.5 155.6 662.2
189.8 656.7 185.3 658.3
222.9 653.6 219.1 654.8
258.7 649.6 255.5 651.1
297.4 646.4 294.6 647.3
339.9 642.4 337.8 643.5
386.8 639.0 385.1 639.8
436.5 635.3 435.5 636.2
490.8 632.1 490.8 632.7
549.4 628.9 549.7 629.6
611.5 626.0 612.6 626.7
677.5 623.8 679.4 624.1
746.5 621.4 748.9 622.1
818.2 620.1 821.2 620.7
891.4 619.1 895.3 619.6
965.6 619.0 970.2 619.3
1039.9 619.3 1045.1 619.8
1112.9 620.2 1119.1 620.8
1184.2 621.7 1190.9 622.7
1252.6 624.0 1260.2 625.1
1318.2 626.5 1326.9 627.5
1379.6 629.4 1389.1 630.7
1437.6 632.7 1447.5 633.9
1491.2 636.1 1501.9 637.6
1540.4 639.4 1552.0 641.4
1586.5 643.1 1599.1 645.4
1628.2 646.7 1641.1 649.3
1666.4 650.4 1679.9 653.2
1701.6 653.9 1716.0 657.0
1734.7 657.2 1749.0 660.5
1763.2 661.0 1777.8 664.0
1789.5 664.4 1805.1 667.8
1813.9 667.4 1829.9 671.1
1837.1 670.4 1853.4 674.5
1858.3 673.3 1874.8 677.3
1877.3 676.4 1892.9 680.9
1894.0 679.1 1910.3 684.2
1909.5 681.5 -1 -1
1916.0 681.0 -1 -1
-1 -1 -1 -1
10.1 724.1 -1 -1
25.7 722.8 19.0 725.5
42.5 721.5 36.0 724.4
62.2 719.8 55.4 722.5
83.6 718.5 77.1 721.1
106.5 716.9 100.3 719.5
131.3 715.3 125.9 717.7
157.9 713.5 153.1 715.7
187.3 712.2 182.8 713.9
220.3 710.3 216.5 711.9
256.1 708.8 252.7 710.1
294.4 706.4 291.7 707.8
337.4 704.8 334.9 706.2
383.8 703.0 382.3 704.3
433.6 701.1 432.7 702.4
488.7 699.2 488.1 700.6
547.2 697.9 547.5 698.7
609.5 696.4 610.5 697.3
675.9 695.2 677.5 695.9
745.4 693.9 747.6 695.1
817.4 693.3 820.4 694.4
891.1 692.8 895.0 693.9
965.7 692.7 970.4 694.0
1040.3 692.8 1045.8 693.9
1114.0 693.4 1119.8 694.6
1185.6 694.3 1192.5 695.6
1254.4 695.2 1262.2 696.8
1320.1 696.5 1328.7 698.1
1382.0 697.9 1391.3 699.9
1440.1 699.6 1450.1 702.0
1493.9 701.2 1504.6 703.5
1543.2 703.1 1554.6 705.9
1589.2 705.0 1601.6 707.5
1630.9 707.0 1643.6 710.0
1669.3 708.7 1682.6 712.0
1704.5 710.5 1718.7 714.0
1737.1 712.1 1751.6 715.9
1765.8 714.0 1780.8 717.8
1792.1 715.7 1807.4 719.8
1816.5 717.4 1832.8 721.8
1839.1 718.7 1855.6 723.2
1860.3 720.3 1877.1 725.4
1879.5 721.6 1895.3 726.8
1895.8 723.2 1912.0 728.5
1911.3 724.6 -1 -1
1917.0 727.0 -1 -1
-1 -1 -1 -1
9.5 767.5 -1 -1
25.3 767.6 18.4 771.0
41.5 767.7 35.4 770.4
61.5 767.4 54.7 770.5
82.7 767.3 76.3 770.4
105.6 767.5 99.8 770.1
130.4 767.3 125.1 770.1
156.8 767.6 152.1 770.1
186.4 767.5 181.6 770.0
219.6 767.6 215.5 769.9
255.2 767.2 251.6 769.8
293.4 767.5 290.7 769.7
336.3 767.4 334.3 769.4
383.1 767.6 381.4 769.4
432.8 767.3 431.8 769.3
487.6 767.6 487.6 769.4
546.2 767.4 546.3 769.1
609.2 767.6 609.9 769.1
675.3 767.5 676.8 768.9
745.0 767.5 747.3 769.1
817.2 767.3 820.0 768.9
890.8 767.3 894.8 769.3
965.6 767.6 970.2 769.2
1040.4 767.3 1045.9 769.4
1114.4 767.6 1120.4 769.4
1185.9 767.4 1192.7 769.5
1254.9 767.6 1262.8 769.7
1320.7 767.4 1329.5 769.6
1382.6 767.6 1392.4 770.0
1440.7 767.6 1451.2 770.1
1494.6 767.7 1505.7 770.6
1544.1 767.4 1555.9 770.8
1589.9 767.5 1602.4 771.0
1631.8 767.4 1644.8 770.8
1670.0 767.5 1683.6 771.2
1705.3 767.6 1719.5 771.5
1737.7 767.6 1752.7 771.6
1766.7 767.3 1781.7 772.0
1792.9 767.5 1808.4 772.3
1817.3 767.5 1833.3 772.5
1839.8 767.6 1856.8 772.9
1861.2 767.5 1878.1 772.9
1880.2 767.6 1895.9 773.3
1896.6 767.5 1913.0 773.4
1911.7 767.5 -1 -1
1911.7 767.5 -1 -1
1911.7 767.5 -1 -1
10.3 811.1 -1 -1
25.8 812.0 18.7 816.0
42.2 813.5 35.9 817.4
61.9 815.0 55.3 818.5
83.4 816.4 77.3 819.9
106.2 817.9 100.4 821.3
131.2 819.6 125.6 822.7
158.1 821.2 152.9 824.1
187.3 823.1 182.4 825.7
220.5 824.6 216.3 827.4
256.2 826.6 252.7 829.4
294.4 828.4 291.6 830.8
337.4 830.4 335.0 832.7
383.9 831.9 382.3 834.5
434.0 834.2 432.7 836.1
488.5 835.7 487.9 837.7
547.0 837.4 547.2 839.3
609.7 838.5 610.6 840.9
675.8 840.2 677.6 842.1
745.5 840.9 747.7 843.1
817.1 841.7 820.3 843.7
891.1 842.0 895.0 844.2
965.6 842.2 970.2 844.3
1040.4 841.9 1045.9 844.4
1113.9 841.5 1120.2 844.0
1185.5 840.8 1192.8 843.2
1254.5 839.7 1262.2 842.6
1320.2 838.4 1328.7 841.3
1381.9 836.7 1391.6 840.0
1439.8 835.5 1450.1 838.6
1494.0 833.4 1504.7 836.8
1543.2 831.8 1554.7 835.5
1589.2 829.8 1602.1 834.1
1631.1 828.4 1643.9 832.6
1669.1 826.0 1682.7 830.3
1704.2 824.5 1718.8 829.3
1737.3 822.8 1751.7 827.5
1765.6 821.2 1780.7 826.0
1792.2 819.2 1807.7 824.5
1816.4 817.6 1832.6 823.0
1839.3 816.0 1855.7 821.7
1860.4 814.7 1877.6 820.3
1879.4 813.2 1895.3 818.9
1895.5 811.9 1912.2 818.2
1911.3 810.5 -1 -1
1917.0 813.0 -1 -1
-1 -1 -1 -1
12.4 853.9 -1 -1
27.9 856.6 21.3 861.0
44.5 859.3 38.3 863.3
64.1 862.0 57.4 866.3
85.7 865.2 79.4 868.9
108.9 868.0 103.0 872.0
133.8 871.3 128.5 875.1
160.4 874.7 155.6 878.3
189.7 878.1 185.0 881.6
223.1 881.6 219.0 885.0
258.7 885.2 255.3 888.3
297.4 888.9 294.6 891.9
340.2 892.4 337.7 895.3
386.5 896.0 384.8 898.8
436.8 899.5 435.5 902.3
491.1 902.9 490.6 905.8
549.5 906.1 549.7 908.8
611.5 908.8 612.6 911.9
677.6 911.4 679.3 914.1
746.3 913.4 748.9 916.4
818.2 915.0 821.5 917.7
891.6 915.9 895.6 918.7
965.8 916.0 970.5 919.1
1039.8 915.6 1045.3 918.6
1112.8 914.9 1119.1 917.7
1184.2 913.3 1191.5 916.3
1252.6 911.1 1261.1 914.2
1318.3 908.7 1327.2 912.1
1379.7 905.6 1389.2 909.4
1437.4 902.5 1447.9 906.1
1491.2 899.1 1502.2 903.2
1540.4 895.4 1552.4 899.4
1586.5 892.0 1599.8 896.3
1628.2 888.0 1641.3 892.7
1666.4 884.7 1680.2 889.2
1701.6 880.9 1716.4 886.0
1734.5 877.6 1749.2 882.9
1763.3 873.8 1778.1 879.4
1789.6 870.7 1805.3 876.1
1814.4 867.6 1830.1 873.3
1837.0 864.5 1854.1 870.5
1858.3 861.9 1874.5 868.0
1877.2 858.9 1893.4 865.3
1894.1 856.1 1909.9 862.4
1909.4 853.5 -1 -1
1918.7 851.1 -1 -1
-1 -1 -1 -1
15.4 896.7 -1 -1
31.4 900.7 24.4 905.5
48.5 905.0 41.8 909.7
67.7 908.8 60.8 913.7
89.6 913.4 82.8 917.5
112.8 917.6 106.7 922.1
137.9 922.5 132.1 926.7
164.5 927.4 159.7 931.5
193.7 932.5 189.2 936.4
227.3 937.5 223.3 941.5
263.3 942.7 259.9 946.7
302.0 948.1 299.1 951.7
344.2 953.7 341.8 957.0
391.0 959.0 389.3 962.4
440.7 963.9 439.8 967.3
494.8 969.0 494.5 972.3
553.0 973.4 553.5 976.7
614.9 977.7 615.8 981.2
680.4 981.5 681.9 984.6
748.8 984.4 751.3 987.5
819.4 986.5 822.8 989.9
892.3 987.7 896.3 991.0
965.4 988.0 970.4 991.4
1039.1 987.7 1044.8 991.0
1111.4 986.2 1117.8 989.7
1181.6 984.0 1189.1 987.5
1249.8 980.8 1257.8 984.7
1314.6 977.3 1323.6 981.2
1375.8 972.8 1385.5 977.1
1433.3 968.4 1444.4 972.8
1486.6 963.1 1498.2 967.8
1536.2 957.9 1548.3 962.8
1582.3 952.9 1594.8 957.7
1623.3 947.6 1637.2 952.3
1662.0 941.8 1676.1 947.3
1697.5 936.7 1712.6 941.9
1730.3 931.4 1744.8 937.3
1758.7 926.7 1774.2 932.3
1785.6 921.5 1801.3 927.7
1810.4 916.9 1826.7 923.0
1833.3 912.4 1850.2 918.8
1855.2 908.1 1871.5 914.8
1873.7 903.9 1890.1 910.9
1890.5 900.0 1906.9 906.6
1906.2 896.1 -1 -1
1914.4 894.2 -1 -1
-1 -1 -1 -1
20.1 939.2 12.4 944.2
35.8 944.3 28.9 949.2
53.3 949.5 46.6 954.7
72.5 955.0 65.6 960.3
94.7 960.7 88.0 965.8
117.8 966.6 112.0 971.2
143.1 972.7 138.2 977.4
170.2 978.9 165.8 983.9
199.8 986.0 195.5 990.0
233.4 992.5 229.2 996.8
269.4 999.2 265.7 1003.6
308.4 1006.3 305.6 1010.4
350.5 1013.2 348.3 1017.5
396.7 1019.9 395.4 1024.1
446.9 1026.6 446.2 1030.6
500.3 1033.3 500.2 1037.1
558.1 1038.8 558.5 1042.7
619.5 1044.4 620.7 1048.2
684.0 1049.1 685.8 1052.6
751.8 1052.4 754.4 1056.3
821.5 1055.3 825.2 1059.1
893.1 1056.8 897.3 1061.1
965.9 1057.4 970.5 1061.3
1037.9 1056.7 1043.6 1060.6
1109.2 1054.9 1115.8 1059.1
1178.7 1051.9 1186.2 1056.3
1246.2 1048.4 1254.5 1052.6
1309.9 1043.2 1319.0 1048.1
1370.7 1037.8 1380.8 1042.6
1427.7 1031.9 1438.4 1036.8
1480.7 1025.6 1492.3 1030.5
1530.1 1018.9 1542.3 1024.1
1575.6 1012.6 1588.7 1017.3
1617.5 1004.8 1630.7 1010.5
1656.0 998.0 1669.7 1003.7
1691.6 991.3 1706.6 997.5
1724.0 984.7 1738.9 990.7
1753.2 977.9 1768.4 984.0
1779.8 971.7 1795.6 978.1
1805.1 965.6 1821.6 972.4
1828.3 959.7 1845.6 966.3
1850.2 954.2 1866.5 960.8
1868.7 948.7 1884.9 955.5
1885.9 943.4 1902.4 950.3
1901.7 938.1 -1 -1
1916.6 932.8 -1 -1
-1 -1 -1 -1
25.6 981.0 18.4 986.2
41.8 987.0 34.8 992.5
59.5 993.8 53.0 999.1
78.5 1000.4 72.0 1005.7
100.9 1007.3 94.7 1013.1
124.5 1014.5 118.5 1019.5
150.3 1021.7 145.2 1027.1
177.8 1029.6 172.9 1034.7
207.5 1037.6 203.3 1042.6
240.5 1045.8 236.3 1050.8
277.0 1054.0 273.6 1058.9
316.2 1062.3 313.2 1067.0
358.3 1070.9 355.9 1075.3
404.2 1078.8 402.6 1083.6
454.0 1086.5 453.2 1091.3
507.3 1094.5 507.2 1098.8
564.1 1101.5 564.5 1106.0
624.8 1107.8 626.0 1112.2
688.8 1113.4 690.6 1117.4
755.4 1117.9 757.9 1122.1
823.9 1120.9 827.4 1125.5
894.4 1122.9 898.7 1127.4
965.4 1123.6 970.5 1128.1
1036.6 1122.6 1042.3 1127.3
1106.8 1120.7 1113.6 1125.4
1175.2 1117.3 1182.6 1122.1
1241.1 1112.5 1249.4 1117.3
1304.5 1106.7 1313.7 1112.1
1364.7 1100.6 1374.4 1105.6
1421.0 1093.1 1431.3 1098.8
1473.6 1085.5 1485.1 1091.0
1522.9 1077.7 1535.2 1083.4
1568.1 1069.4 1581.0 1074.9
1609.7 1061.0 1623.1 1067.0
1648.4 1052.7 1662.7 1058.9
1684.5 1044.4 1698.8 1051.2
1716.6 1036.4 1731.4 1042.7
1745.9 1028.2 1761.3 1034.8
1773.2 1020.6 1788.9 1027.2
1798.3 1013.2 1814.8 1020.3
1821.8 1006.1 1839.0 1013.0
1844.2 999.1 1859.7 1006.3
1862.7 992.3 1878.8 999.6
1879.8 986.1 1896.7 993.0
1896.2 979.7 1913.2 986.9
1911.1 973.7 -1 -1
-1 -1 -1 -1
32.1 1021.5 25.2 1027.6
49.0 1028.9 42.0 1034.6
66.6 1036.6 60.1 1042.4
85.8 1044.5 79.8 1050.3
108.1 1052.6 101.9 1058.6
132.7 1060.8 126.6 1066.5
158.5 1069.4 153.0 1075.1
186.4 1078.3 181.6 1084.0
216.5 1087.8 212.1 1093.1
249.1 1097.5 245.6 1103.2
285.7 1107.0 282.2 1112.1
324.9 1116.3 322.3 1121.3
367.3 1125.9 365.3 1130.9
412.8 1135.9 411.4 1140.7
462.3 1144.3 461.6 1149.3
515.3 1152.9 515.3 1157.7
571.5 1160.8 572.3 1165.9
631.0 1168.5 632.2 1173.1
693.9 1174.2 696.0 1179.2
759.3 1179.2 762.3 1184.3
826.8 1182.9 830.6 1187.8
895.4 1185.0 899.9 1190.0
965.3 1185.8 970.6 1190.9
1035.0 1184.9 1040.7 1189.9
1103.8 1182.2 1110.5 1187.7
1170.6 1178.6 1178.4 1183.5
1235.7 1173.4 1244.3 1178.6
1298.1 1167.3 1307.4 1172.6
1357.0 1159.6 1367.4 1165.3
1412.9 1151.4 1423.5 1157.5
1465.1 1143.2 1477.2 1148.8
1514.3 1134.0 1526.4 1139.8
1558.8 1124.3 1571.9 1130.1
1600.7 1114.5 1614.3 1121.2
1639.7 1105.0 1654.0 1111.7
1675.8 1095.7 1689.8 1102.5
1707.6 1086.3 1722.3 1092.9
1737.5 1077.1 1752.9 1083.8
1765.0 1067.8 1781.0 1075.2
1790.5 1059.4 1806.7 1066.7
1815.0 1050.9 1831.5 1058.5
1836.6 1043.3 1852.1 1050.1
1855.6 1035.1 1872.0 1042.0
1873.3 1027.6 1889.5 1034.8
1889.5 1020.3 1906.3 1027.7
1905.2 1013.3 -1 -1
-1 -1 -1 -1
39.6 1061.0 32.6 1067.8
56.4 1069.6 50.4 1076.3
75.0 1078.2 68.7 1084.8
94.7 1087.6 88.6 1093.6
116.9 1096.6 110.5 1103.2
141.4 1106.0 135.6 1112.4
167.8 1115.6 162.9 1122.3
196.0 1125.5 191.3 1131.7
226.7 1136.3 222.2 1142.1
259.5 1146.8 255.6 1152.5
295.6 1157.5 292.1 1163.3
334.9 1167.9 332.2 1173.6
377.4 1178.4 375.4 1183.9
422.7 1189.1 421.4 1194.5
471.4 1199.4 470.7 1204.8
524.0 1208.3 524.0 1213.8
579.6 1216.8 580.3 1222.2
638.2 1224.8 639.7 1230.4
699.6 1231.7 702.0 1237.1
763.8 1237.1 766.8 1242.6
829.8 1241.0 833.6 1246.2
897.3 1243.2 901.7 1248.6
965.2 1243.8 970.5 1249.4
1033.0 1243.1 1039.2 1248.6
1100.3 1240.5 1107.3 1246.0
1166.2 1236.2 1173.9 1242.3
1229.7 1230.7 1238.3 1236.6
1290.8 1223.6 1300.2 1229.6
1348.9 1215.4 1359.2 1221.7
1404.1 1206.9 1415.2 1213.1
1456.1 1197.4 1467.8 1203.7
1503.9 1187.4 1516.4 1193.6
1548.9 1176.7 1561.9 1183.3
1590.5 1166.2 1604.5 1172.8
1629.9 1155.7 1644.3 1162.5
1665.1 1145.3 1679.5 1152.0
1697.7 1134.5 1712.6 1141.3
1727.6 1124.1 1743.2 1131.1
1755.7 1114.1 1771.4 1121.5
1781.8 1104.4 1798.2 1111.7
1806.2 1095.3 1822.1 1102.6
1827.5 1086.1 1843.6 1092.9
1847.5 1076.9 1863.4 1084.4
1865.3 1067.9 1882.1 1075.4
1881.9 1059.7 1898.8 1067.5
1897.8 1051.8 -1 -1
1913.6 1043.9 -1 -1
48.4 1100.2 41.5 1107.3
66.1 1109.7 59.0 1115.9
84.4 1118.9 78.1 1125.9
104.7 1129.2 98.7 1135.9
126.4 1139.7 120.6 1146.0
151.8 1149.9 145.6 1156.5
178.3 1160.2 172.9 1167.0
206.9 1171.3 202.1 1177.5
237.7 1182.3 233.5 1188.7
270.6 1194.1 267.2 1200.4
306.1 1205.9 303.5 1212.1
345.8 1217.2 343.2 1223.2
388.3 1228.3 386.4 1234.4
433.4 1239.5 432.5 1245.7
481.6 1250.3 481.2 1256.4
533.3 1261.1 533.1 1267.0
588.0 1269.8 588.7 1275.6
646.0 1278.1 647.6 1283.7
706.2 1284.9 708.5 1290.7
768.8 1291.0 771.9 1296.9
833.2 1295.0 837.3 1300.8
898.5 1297.6 903.5 1303.5
965.3 1298.4 970.5 1304.5
1031.2 1297.3 1037.5 1303.3
1096.9 1294.5 1104.1 1300.6
1160.9 1289.9 1169.0 1296.2
1222.9 1284.0 1231.6 1290.1
1282.9 1276.5 1292.5 1283.1
1340.2 1268.4 1350.7 1274.7
1394.9 1259.2 1405.8 1265.5
1445.6 1248.5 1457.0 1255.4
1493.2 1237.7 1505.9 1244.3
1537.8 1226.4 1550.9 1233.7
1579.9 1215.3 1593.9 1222.1
1618.5 1204.2 1632.4 1210.7
1654.0 1192.2 1668.4 1199.0
1686.6 1180.6 1701.2 1187.8
1717.2 1169.2 1732.5 1176.8
1745.5 1158.3 1761.3 1166.0
1771.9 1148.0 1788.5 1155.9
1796.2 1138.1 1812.1 1145.0
1817.8 1127.4 1833.8 1134.6
1837.4 1117.7 1853.8 1124.9
1856.3 1108.0 1873.1 1115.5
1873.5 1098.4 1890.3 1106.3
1889.8 1089.8 1906.4 1098.0
1906.1 1081.1 -1 -1
57.7 1137.6 50.9 1145.4
75.4 1147.9 69.2 1155.3
94.9 1158.3 88.5 1165.5
115.2 1169.2 109.4 1176.3
137.6 1180.9 132.0 1187.4
162.3 1191.8 156.5 1199.0
189.1 1202.7 184.3 1210.4
218.5 1214.8 213.9 1221.6
249.7 1227.0 245.4 1233.6
282.9 1239.2 279.4 1245.5
318.5 1251.4 315.7 1258.2
357.1 1264.1 354.9 1270.7
399.5 1275.5 397.8 1282.2
444.7 1287.3 443.7 1293.7
492.4 1298.2 492.2 1304.7
543.2 1309.1 543.5 1315.4
596.8 1319.1 597.8 1325.6
653.6 1327.6 655.1 1334.1
712.7 1334.6 715.1 1341.1
773.6 1340.4 777.2 1346.9
836.5 1344.7 840.6 1351.0
900.5 1347.3 905.3 1353.7
964.8 1348.1 970.4 1354.5
1029.5 1347.1 1035.9 1353.5
1093.0 1344.2 1100.3 1350.6
1155.6 1339.6 1163.6 1346.2
1216.4 1333.6 1225.3 1340.2
1275.3 1326.3 1284.7 1333.4
1331.3 1317.4 1341.4 1324.4
1384.5 1307.4 1395.5 1313.9
1434.7 1296.7 1446.6 1303.5
1482.1 1285.0 1494.6 1292.5
1526.6 1273.7 1539.8 1281.0
1568.8 1261.7 1581.6 1268.9
1606.4 1249.5 1620.3 1256.3
1641.8 1236.9 1656.7 1243.8
1674.8 1225.0 1689.7 1232.0
1705.8 1212.5 1721.3 1220.3
1734.3 1201.2 1750.6 1208.6
1761.0 1190.0 1776.9 1197.7
1785.4 1178.4 1800.9 1185.8
1807.2 1167.4 1822.6 1175.2
1827.6 1156.5 1843.6 1164.1
1846.7 1145.9 1863.1 1153.6
1864.4 1136.2 1881.2 1144.0
1880.7 1126.5 1897.4 1134.8
1897.0 1116.7 1913.6 1125.7
67.9 1174.5 60.7 1181.9
86.6 1185.4 79.6 1192.4
105.6 1196.3 99.5 1203.5
126.8 1207.7 121.2 1215.4
149.3 1219.7 144.2 1227.5
173.7 1232.1 169.0 1239.9
201.2 1244.2 195.9 1251.6
230.8 1256.5 225.8 1263.6
261.9 1268.7 257.9 1276.1
295.6 1281.6 292.2 1288.7
331.2 1294.5 328.6 1301.6
370.2 1307.7 367.6 1314.3
411.4 1320.4 409.6 1327.4
456.3 1332.1 455.1 1338.9
503.7 1343.4 503.5 1350.4
553.6 1354.3 554.3 1361.1
606.4 1364.2 607.4 1371.1
661.8 1373.3 663.4 1379.9
719.3 1381.2 721.8 1387.7
778.8 1386.9 782.3 1393.8
839.9 1391.2 843.9 1398.0
902.1 1393.6 907.0 1400.4
964.7 1394.3 970.5 1401.2
1027.3 1393.4 1033.9 1400.3
1089.5 1390.6 1096.8 1397.4
1150.2 1386.0 1158.3 1393.3
1209.9 1379.6 1218.5 1386.5
1266.7 1371.7 1276.5 1378.7
1321.5 1362.9 1331.9 1369.6
1373.8 1352.3 1385.1 1359.6
1423.5 1341.4 1435.4 1349.0
1470.4 1330.2 1483.1 1337.5
1514.7 1318.2 1527.5 1325.6
1555.7 1305.5 1568.9 1312.5
1593.5 1292.6 1607.6 1299.3
1629.3 1279.2 1643.5 1287.2
1661.9 1267.2 1677.4 1274.5
1693.5 1254.3 1709.2 1262.2
1722.4 1242.2 1738.7 1250.3
1749.7 1230.2 1764.4 1237.5
1773.2 1218.1 1788.7 1224.9
1796.0 1205.7 1811.7 1213.4
1816.4 1194.2 1832.7 1202.2
1836.0 1183.3 1852.3 1191.5
1854.2 1172.3 1870.9 1180.3
1870.9 1162.6 1888.0 1170.4
1887.6 1153.0 1905.1 1160.4
78.6 1209.4 72.2 1217.9
97.3 1220.9 90.7 1228.8
117.5 1232.5 111.3 1240.5
138.7 1244.5 133.2 1252.5
161.7 1257.3 156.5 1264.8
186.3 1270.3 181.5 1277.8
213.6 1283.2 208.5 1291.1
243.3 1295.7 238.6 1303.7
274.5 1308.5 271.1 1316.5
308.6 1321.9 305.4 1329.5
344.5 1335.1 341.5 1342.3
383.2 1348.3 381.0 1355.8
423.7 1361.2 422.5 1368.9
467.9 1374.2 466.8 1381.4
515.0 1385.5 514.5 1392.8
564.1 1396.5 564.5 1403.6
616.1 1406.3 617.3 1413.5
670.1 1414.9 672.3 1422.2
726.2 1422.6 728.9 1429.8
784.3 1428.8 787.6 1435.8
843.3 1433.2 847.9 1440.3
903.8 1436.2 908.9 1442.9
964.4 1436.7 970.5 1443.8
1025.7 1435.6 1032.1 1442.8
1085.5 1432.7 1093.0 1439.7
1144.8 1427.7 1153.0 1434.7
1202.2 1421.5 1211.4 1428.8
1258.0 1413.8 1268.3 1420.6
1311.7 1404.6 1322.3 1412.0
1363.4 1394.4 1374.6 1401.7
1412.2 1383.7 1424.4 1391.2
1458.6 1372.4 1471.3 1378.8
1502.1 1359.3 1514.9 1366.6
1542.6 1345.9 1555.9 1353.3
1580.5 1332.8 1594.7 1340.3
1616.2 1319.7 1630.9 1326.9
1649.6 1306.4 1664.5 1314.4
1680.4 1294.0 1696.6 1301.6
1710.4 1280.9 1725.5 1288.4
1737.2 1267.8 1751.7 1275.4
1761.2 1255.3 1776.4 1262.6
1783.6 1242.8 1799.8 1249.9
1804.9 1230.7 1820.8 1238.6
1824.8 1218.7 1841.7 1226.5
1843.3 1207.7 1860.1 1215.8
1860.4 1197.0 1877.7 1205.2
1877.6 1186.3 1895.4 1194.5
89.7 1243.5 83.4 1252.4
108.7 1254.9 102.7 1263.5
129.4 1267.5 123.5 1275.6
151.6 1280.3 146.2 1288.7
174.6 1293.0 169.6 1301.4
199.6 1306.5 195.1 1314.5
226.4 1319.9 222.1 1328.0
256.4 1333.4 252.2 1342.3
288.0 1346.6 284.1 1354.8
322.0 1360.0 319.2 1368.4
358.1 1373.1 355.6 1381.3
396.3 1386.4 394.1 1394.0
436.8 1399.7 435.8 1407.6
480.1 1412.3 479.9 1420.4
525.9 1424.7 526.3 1432.3
574.5 1435.6 575.2 1443.4
625.4 1445.2 627.0 1452.9
678.3 1453.7 680.5 1461.7
733.0 1461.3 736.1 1468.8
789.4 1467.2 793.4 1474.9
847.1 1471.7 851.4 1478.8
905.3 1474.1 910.7 1481.6
964.5 1474.8 970.4 1482.4
1023.3 1473.8 1030.2 1481.3
1081.9 1470.8 1089.4 1478.2
1139.2 1466.4 1147.3 1473.7
1195.1 1460.1 1204.4 1467.6
1249.6 1452.4 1259.2 1460.0
1302.4 1443.8 1313.1 1451.1
1353.0 1433.8 1364.3 1441.6
1401.3 1422.5 1412.4 1429.9
1446.1 1410.3 1458.4 1417.8
1489.2 1397.2 1501.6 1404.7
1529.1 1384.4 1542.4 1391.8
1567.1 1371.1 1580.7 1379.1
1602.9 1357.6 1617.3 1365.7
1636.3 1344.6 1652.1 1351.7
1668.0 1330.9 1683.0 1339.1
1697.4 1317.7 1711.6 1325.1
1723.5 1303.9 1738.8 1311.2
1747.9 1291.2 1763.7 1298.2
1771.3 1277.8 1786.8 1286.0
1792.7 1265.7 1808.7 1273.6
1813.3 1253.5 1829.6 1261.5
1832.1 1241.5 1848.9 1249.8
1849.9 1230.4 1866.7 1238.7
1867.7 1219.3 1884.5 1227.6
101.8 1276.1 95.4 1285.3
121.2 1288.2 115.2 1297.3
142.5 1301.3 136.6 1310.0
164.2 1313.8 158.9 1322.6
188.3 1327.4 183.4 1336.2
213.3 1341.0 208.8 1349.3
234.0 1349.0 229.2 1356.8
269.4 1369.1 265.7 1377.4
301.3 1382.2 297.7 1391.1
335.4 1395.6 332.1 1404.3
371.3 1408.9 369.2 1417.7
409.5 1422.3 408.0 1430.7
450.0 1435.3 449.0 1443.7
492.7 1447.9 492.4 1456.1
537.8 1460.2 537.9 1467.8
585.1 1471.4 586.0 1479.4
634.6 1481.9 635.7 1489.2
686.3 1490.0 688.5 1498.2
739.6 1497.3 742.7 1505.3
794.8 1503.0 798.3 1510.8
850.6 1507.1 855.0 1514.9
907.3 1509.6 912.5 1517.4
964.4 1510.4 970.4 1518.1
1021.3 1509.3 1028.2 1517.2
1077.9 1506.6 1085.6 1514.2
1133.8 1502.0 1141.9 1510.0
1188.4 1496.3 1197.6 1504.1
1241.3 1488.9 1251.4 1496.7
1292.9 1480.1 1303.5 1487.4
1342.0 1469.6 1353.5 1476.6
1389.1 1458.0 1400.8 1465.5
1433.7 1445.8 1445.9 1453.3
1475.7 1433.3 1488.7 1441.0
1516.1 1420.2 1529.6 1427.7
1553.8 1407.1 1567.9 1414.8
1589.9 1393.2 1603.9 1401.8
1623.1 1380.2 1638.2 1387.6
1654.8 1366.6 1669.0 1373.5
1683.1 1352.5 1698.2 1359.5
1710.2 1338.4 1725.2 1345.6
1734.6 1325.1 1750.3 1332.5
1758.5 1311.6 1775.0 1318.6
1780.3 1298.9 1796.6 1306.6
1800.5 1286.8 1818.1 1293.9
1820.6 1274.2 1836.8 1282.5
1838.4 1262.5 1855.5 1270.8
1856.2 1250.8 1874.1 1259.1
113.8 1308.7 107.3 1318.2
133.8 1321.6 127.7 1331.1
155.6 1335.1 149.7 1344.3
176.9 1347.3 171.7 1356.5
202.1 1361.7 197.2 1370.9
227.1 1375.4 222.5 1384.0
241.6 1378.1 236.2 1385.5
282.4 1404.7 279.3 1412.6
314.7 1417.8 311.4 1427.4
348.8 1431.3 345.0 1440.3
384.4 1444.6 382.9 1454.2
422.6 1458.3 422.0 1467.3
463.3 1470.8 462.2 1479.8
505.3 1483.5 504.9 1491.7
549.6 1495.6 549.6 1503.3
595.7 1507.1 596.7 1515.5
643.8 1518.5 644.5 1525.5
694.3 1526.3 696.6 1534.7
746.3 1533.3 -1 -1
-1 -1 -1 -1
-1 -1 -1 -1
-1 -1 -1 -1
-1 -1 -1 -1
-1 -1 -1 -1
-1 -1 -1 -1
-1 -1 -1 -1
1181.6 1532.4 -1 -1
1233.0 1525.4 1243.5 1533.4
1283.4 1516.4 1294.0 1523.6
1331.0 1505.4 1342.8 1511.5
1376.9 1493.4 1389.2 1501.2
1421.3 1481.4 1433.4 1488.8
1462.2 1469.4 1475.7 1477.3
1503.0 1456.0 1516.9 1463.5
1540.6 1443.1 1555.2 1450.5
1576.8 1428.8 1590.4 1437.9
1609.8 1415.9 1624.3 1423.6
1641.6 1402.2 1655.0 1408.0
1668.8 1387.4 1684.8 1393.9
1696.8 1372.9 1711.5 1380.0
1721.4 1359.0 1736.9 1366.7
1745.8 1345.4 1763.3 1351.1
1768.0 1332.2 1784.4 1339.7
1787.7 1320.2 1806.7 1326.3
1809.1 1307.0 1824.7 1315.3
1827.0 1294.7 1844.2 1302.9
1844.8 1283.0 1862.8 1291.2
