79.9 273.1 63.3 272.5
98.2 261.3 82.0 260.4
118.3 248.2 101.4 248.3
139.0 235.9 122.2 236.1
160.3 223.3 144.8 222.4
184.1 210.2 168.4 209.4
209.2 196.4 194.1 194.9
235.9 182.5 221.4 180.7
264.5 168.3 250.3 166.6
295.2 155.6 281.2 151.9
329.3 141.8 315.6 138.3
365.2 128.5 352.0 124.7
403.1 114.6 390.1 111.1
443.2 102.2 431.1 97.7
485.0 89.0 474.2 84.7
529.6 77.4 519.0 72.9
576.9 65.2 566.8 61.4
626.2 55.1 616.4 50.6
677.5 46.4 668.2 41.0
730.9 39.1 722.3 33.7
785.0 31.9 777.6 27.7
841.3 29.0 833.9 23.3
897.7 26.0 891.3 20.6
955.0 24.9 948.9 19.5
1013.4 26.2 1007.0 20.3
1068.1 28.9 1064.3 22.6
1124.9 32.4 1120.6 26.9
1179.0 38.1 1176.3 32.7
1232.9 45.1 1230.1 39.9
1285.0 53.1 1282.5 48.6
1333.9 63.7 1332.7 59.0
1381.8 75.0 1380.5 70.4
1426.6 87.1 1426.2 82.7
1469.3 99.7 1469.6 95.1
1509.8 113.0 1510.2 108.1
1547.9 126.1 1549.2 121.8
1583.7 139.2 1585.8 135.2
1617.9 152.9 1620.4 148.8
1649.8 166.2 1652.4 162.5
1678.7 179.9 1682.3 177.2
1705.6 193.8 1709.1 190.6
1731.3 208.0 1735.5 205.1
1754.5 221.0 1759.3 218.3
1777.4 234.5 1782.3 231.5
1797.7 246.8 1803.5 244.6
1818.0 258.6 1823.4 256.6
1838.3 270.4 1843.3 268.6
69.7 304.5 51.7 305.4
86.7 293.3 70.0 293.5
105.7 282.2 89.4 281.9
125.9 269.2 109.9 269.1
147.8 257.1 132.3 256.6
170.5 244.5 155.8 243.2
195.2 231.0 180.5 230.1
221.8 216.8 207.6 216.1
251.2 204.1 236.3 201.6
282.8 190.5 268.6 187.9
316.1 177.6 302.2 174.6
351.7 163.9 338.4 161.3
389.9 150.9 377.2 147.6
430.3 137.2 418.6 134.2
472.9 125.0 461.4 121.2
518.8 112.8 507.5 108.6
566.4 101.1 555.8 97.1
616.7 91.2 607.0 86.8
669.5 82.6 660.4 78.0
723.7 74.9 715.7 70.6
780.3 68.7 772.5 64.1
838.2 64.9 830.4 59.6
894.5 62.1 889.1 56.7
956.2 61.4 949.4 55.3
1012.5 61.3 1008.5 56.1
1072.5 63.7 1067.9 58.8
1129.2 67.9 1126.1 62.9
1185.9 73.9 1183.0 69.3
1241.2 81.0 1238.4 76.7
1294.3 90.3 1292.2 85.6
1344.8 99.3 1343.5 95.2
1392.9 109.9 1392.6 106.4
1439.1 122.8 1438.7 118.6
1482.0 135.5 1482.4 131.4
1523.0 148.3 1523.7 144.5
1561.1 162.0 1562.7 158.3
1597.4 175.1 1599.5 171.7
1631.1 188.5 1633.9 185.5
1663.2 202.0 1666.2 198.6
1692.5 215.0 1696.3 212.5
1719.3 228.6 1723.2 226.0
1744.5 242.0 1748.8 239.7
1767.7 254.9 1772.5 252.5
1789.9 268.0 1794.7 265.4
1810.7 279.9 1815.7 277.5
1829.3 291.7 1834.9 289.3
1847.9 303.5 1854.1 301.0
58.0 338.5 41.1 339.2
75.7 327.5 59.1 328.2
94.2 316.1 77.8 316.8
114.0 304.5 97.8 304.9
134.5 292.8 119.6 292.5
158.0 280.1 143.1 279.6
182.0 267.0 167.3 266.5
209.0 253.9 193.9 253.0
237.9 241.3 223.0 239.7
269.7 228.6 254.7 226.8
302.8 215.0 289.1 213.3
338.7 202.1 325.1 200.1
376.5 188.6 364.0 186.5
417.2 176.0 405.0 173.3
460.3 162.9 449.1 160.0
506.9 151.5 496.0 147.9
555.7 140.6 545.6 136.9
607.6 130.4 597.8 126.8
661.8 122.7 651.9 117.6
717.1 113.7 708.6 109.7
775.0 107.7 766.8 102.9
832.2 103.2 826.6 98.4
894.1 100.3 887.8 95.2
954.3 98.7 948.7 94.1
1016.2 99.9 1010.4 94.9
1074.9 102.8 1071.4 97.5
1135.1 106.5 1131.6 102.2
1193.3 112.0 1190.0 108.4
1249.2 120.3 1246.8 115.8
1302.6 129.1 1301.6 124.7
1355.1 139.0 1353.7 134.8
1404.7 149.4 1403.8 145.8
1451.4 161.2 1451.5 157.5
1495.1 173.7 1495.7 170.3
1535.7 186.5 1537.1 183.3
1574.7 199.9 1576.4 196.7
1610.4 213.0 1612.8 210.1
1644.5 226.3 1647.4 223.5
1676.1 239.4 1679.2 236.3
1706.1 252.4 1709.8 249.4
1732.8 264.9 1737.3 263.2
1757.5 277.6 1762.0 275.7
1780.6 290.5 1784.8 288.0
1801.9 302.7 1807.2 300.7
1821.9 314.3 1827.3 312.3
1840.7 326.0 1846.7 324.2
1859.5 337.8 1866.2 336.2
47.9 372.4 30.4 374.5
65.0 362.6 48.0 364.0
83.0 352.2 66.3 353.6
102.6 340.5 86.7 341.4
123.3 329.3 107.0 330.2
145.4 317.4 130.0 317.8
169.5 305.0 154.5 305.0
196.5 293.1 180.9 291.9
225.6 281.2 210.8 279.6
256.4 268.4 242.2 267.1
289.9 255.6 276.4 253.8
325.0 242.7 312.2 240.9
363.5 229.5 350.8 227.6
404.0 216.6 392.3 214.3
448.6 205.2 436.9 202.2
495.7 193.4 484.7 190.3
545.2 182.9 535.6 179.2
597.4 172.6 588.3 169.2
652.5 163.6 644.0 159.8
709.6 155.0 701.6 151.7
769.4 148.5 761.7 145.0
829.0 144.0 823.3 140.6
891.2 142.2 885.7 137.9
955.5 142.3 949.3 136.8
1016.7 141.9 1012.5 137.5
1079.6 144.8 1074.9 140.1
1140.4 148.1 1137.0 144.3
1200.6 154.4 1197.2 150.5
1257.4 162.5 1255.2 158.4
1312.8 171.0 1311.2 167.4
1365.4 180.6 1364.5 177.4
1415.6 191.8 1414.9 188.3
1463.0 202.8 1463.4 199.6
1508.0 215.0 1508.7 211.7
1549.4 227.6 1550.6 224.5
1587.8 240.4 1589.7 237.9
1623.7 253.3 1626.2 250.6
1657.1 266.1 1660.1 263.8
1688.6 278.8 1692.3 276.4
1718.3 291.5 1722.1 288.9
1746.2 303.2 1749.9 300.9
1770.1 315.5 1774.4 313.6
1792.8 327.7 1797.4 325.5
1813.4 338.9 1819.2 337.9
1832.8 349.5 1838.6 348.6
1851.3 360.8 1858.2 360.3
1869.9 372.2 1877.7 372.0
38.5 408.1 20.8 410.3
54.9 399.0 38.1 400.7
72.7 388.4 56.3 390.5
91.7 378.7 75.7 379.9
111.4 367.5 96.0 368.7
133.3 356.8 118.3 357.4
157.6 344.8 142.4 345.3
185.1 333.8 169.5 333.5
213.2 322.2 198.4 322.0
243.9 310.8 229.5 309.8
276.5 298.1 263.6 297.2
312.5 285.6 299.4 284.6
350.3 272.7 338.3 271.5
392.8 261.5 380.3 259.3
436.7 249.2 425.5 247.5
484.4 238.8 473.4 236.3
534.7 227.9 524.4 225.1
587.8 217.8 578.3 215.1
643.8 208.7 635.2 205.7
704.1 200.5 694.9 198.3
763.1 194.7 756.3 192.4
826.1 190.7 819.6 187.6
889.7 188.0 884.2 184.8
954.0 187.7 949.2 183.7
1020.1 188.8 1014.2 184.5
1082.2 190.9 1078.6 187.0
1145.7 195.2 1142.1 191.3
1206.8 200.4 1203.9 197.1
1265.8 207.6 1263.6 204.2
1322.2 215.9 1320.8 212.8
1376.0 225.9 1375.2 222.8
1426.8 236.5 1426.5 233.9
1474.8 248.2 1474.9 245.3
1520.0 259.3 1520.6 256.8
1561.6 271.1 1563.6 268.6
1600.5 283.6 1602.7 281.3
1636.5 296.4 1639.2 293.9
1670.1 308.0 1672.7 306.3
1701.0 320.4 1704.6 318.6
1729.8 331.7 1734.1 330.3
1757.5 344.1 1761.4 341.5
1782.2 354.7 1786.6 353.3
1804.2 366.1 1809.2 365.0
1825.0 376.6 1830.3 375.9
1843.8 387.4 1850.1 387.0
1861.8 397.1 1868.2 396.6
1879.9 406.8 1886.3 406.2
29.4 445.6 11.9 448.2
44.9 436.5 28.6 438.7
63.3 427.4 45.8 429.9
80.9 417.5 65.2 419.7
101.5 407.5 85.6 409.3
122.5 397.7 107.3 398.4
147.1 387.3 131.2 387.4
173.3 376.1 158.2 376.8
201.9 366.1 187.0 365.7
232.2 354.3 218.2 354.2
265.3 342.8 251.6 342.4
300.7 331.3 287.4 330.5
338.9 320.5 325.9 318.6
381.3 308.4 368.8 307.0
426.2 297.3 414.6 295.7
473.4 286.4 462.7 284.7
524.1 276.3 514.6 273.7
578.8 266.9 569.3 264.3
636.4 258.5 627.5 256.0
695.5 250.8 688.3 248.6
757.9 245.5 751.1 242.6
822.2 240.6 815.9 238.1
886.6 238.3 882.0 234.9
955.0 237.1 949.1 233.7
1019.7 237.9 1015.9 234.7
1086.7 240.8 1082.4 237.0
1150.3 244.5 1147.2 241.5
1213.1 250.2 1210.6 247.4
1273.6 257.1 1271.5 254.6
1331.7 266.0 1330.0 262.9
1386.6 274.0 1385.6 271.8
1437.7 284.8 1437.6 282.5
1486.2 295.4 1486.3 293.4
1530.9 306.8 1532.2 304.6
1573.6 318.0 1575.2 315.8
1613.2 329.5 1615.0 327.2
1648.9 340.9 1651.3 339.4
1681.5 352.7 1684.7 350.9
1712.3 363.7 1716.1 362.5
1741.3 375.3 1745.4 373.5
1767.7 385.5 1772.6 384.1
1792.8 395.7 1798.1 394.6
1815.0 406.3 1820.0 405.2
1834.6 416.1 1840.4 415.4
1853.9 425.5 1859.5 425.4
1870.9 435.0 1877.7 435.0
1888.0 444.6 1895.9 444.5
21.0 482.3 -1 -1
37.3 475.3 20.1 478.0
54.2 465.9 37.4 469.4
71.6 458.8 55.7 460.8
91.1 448.9 75.8 451.3
113.2 440.0 97.6 441.0
137.1 430.8 121.3 431.8
163.3 421.4 147.8 421.9
191.3 410.8 176.7 411.6
221.4 400.9 207.2 401.2
253.6 389.9 240.2 390.0
289.5 379.2 275.9 378.6
328.2 368.5 315.6 368.4
370.2 358.5 358.3 357.4
414.8 348.1 403.8 347.0
463.0 337.6 452.3 336.2
515.5 328.5 504.8 326.6
570.2 319.7 560.7 317.9
627.8 311.2 619.7 309.6
689.6 304.2 681.6 302.3
753.4 299.0 746.0 296.4
819.0 294.5 812.5 292.4
886.1 292.3 880.4 289.8
953.5 291.4 948.9 288.9
1021.9 291.9 1017.9 289.6
1089.2 294.5 1085.5 291.9
1154.9 297.9 1152.4 295.6
1219.3 303.7 1217.1 301.2
1280.5 309.9 1279.3 308.2
1340.0 317.8 1338.7 316.0
1395.7 327.2 1394.9 324.8
1448.4 335.3 1448.1 334.1
1496.4 346.2 1497.3 344.4
1542.2 356.9 1543.0 355.0
1583.9 367.1 1586.1 365.5
1623.1 378.8 1626.2 376.2
1659.6 388.0 1662.8 387.2
1692.7 399.4 1696.2 397.9
1723.0 409.4 1727.0 408.7
1751.3 419.3 1755.7 418.4
1777.8 429.4 1782.6 428.5
1802.5 438.9 1808.3 438.2
1824.4 447.6 1829.7 447.1
1844.9 456.6 1849.8 456.6
1862.1 465.2 1868.6 465.5
1879.9 474.1 1886.0 474.1
1897.6 483.0 1903.5 482.6
14.1 521.7 -1 -1
28.8 513.6 12.5 518.1
45.9 507.6 29.4 510.7
63.0 499.6 47.5 502.9
82.5 492.0 66.8 494.5
103.9 483.9 87.9 485.5
128.5 475.7 112.1 477.6
154.1 467.0 138.6 468.6
182.3 457.4 166.7 459.4
211.6 449.3 197.4 449.7
242.9 439.7 229.9 439.8
279.2 429.4 265.8 429.7
318.7 419.9 305.7 420.2
360.1 410.8 348.1 410.6
405.0 401.1 393.8 400.6
453.2 391.5 443.2 391.5
506.4 383.6 496.4 382.7
562.1 375.3 552.6 374.5
621.1 367.7 612.2 366.5
683.8 362.5 675.6 360.3
748.3 356.9 741.3 354.9
815.2 352.3 809.4 351.0
883.6 350.5 878.7 348.5
954.5 350.3 949.0 347.6
1023.7 349.8 1019.5 348.3
1092.7 352.7 1088.9 350.3
1160.7 355.4 1157.0 354.0
1225.1 360.5 1222.9 359.1
1288.7 366.1 1286.7 364.9
1347.7 373.9 1346.8 372.5
1403.6 382.5 1403.7 380.8
1456.8 390.8 1457.3 389.3
1506.4 399.1 1507.6 398.4
1552.0 409.4 1553.5 408.1
1594.3 418.4 1596.2 417.9
1633.3 428.0 1635.8 427.3
1670.4 437.4 1673.3 436.7
1702.5 447.4 1706.3 446.6
1732.5 456.2 1736.9 456.2
1760.9 465.6 1765.5 465.4
1787.0 474.0 1791.8 474.1
1811.1 482.7 1816.8 482.8
1833.4 490.6 1839.1 490.7
1852.6 498.5 1858.6 499.2
1870.3 506.4 1877.1 506.7
1887.5 514.3 1893.5 513.9
1904.7 522.2 1909.9 521.1
7.5 561.1 -1 -1
22.9 555.8 5.8 559.2
39.0 550.0 22.7 552.9
56.2 542.9 40.0 546.2
74.4 535.4 59.3 538.9
97.1 529.4 80.5 531.3
120.6 522.1 104.9 524.2
146.1 514.7 130.4 516.6
173.0 506.6 158.4 508.5
202.6 498.4 188.2 500.2
234.6 491.0 220.7 491.4
271.0 482.3 257.5 483.1
309.2 473.6 296.6 474.7
351.5 465.4 338.7 466.2
395.8 457.2 384.5 457.2
444.3 450.9 434.7 449.4
498.0 441.4 488.1 441.5
553.7 435.6 545.1 433.9
614.9 428.3 606.2 427.4
678.5 422.5 670.2 421.9
743.6 417.5 737.0 416.8
812.4 414.5 806.2 413.4
883.0 412.4 877.4 411.4
953.0 412.3 948.5 410.5
1026.0 413.6 1020.9 411.0
1095.2 414.0 1091.8 412.7
1164.1 417.6 1161.4 415.8
1230.5 421.5 1228.3 420.6
1294.4 427.4 1292.8 426.4
1355.4 433.3 1354.2 432.4
1411.9 440.8 1411.5 439.4
1465.5 448.4 1465.4 447.3
1514.5 455.7 1516.2 455.5
1561.4 463.9 1562.5 463.7
1603.1 472.7 1605.2 472.1
1641.7 481.4 1645.0 480.8
1678.6 489.2 1682.3 488.8
1711.8 497.5 1715.3 497.2
1741.4 505.5 1745.5 505.5
1768.8 513.8 1773.5 513.5
1794.4 520.6 1799.9 520.9
1818.5 527.7 1824.4 528.3
1840.6 535.1 1846.7 535.5
1860.2 541.1 1866.1 542.5
1877.1 547.5 1883.9 549.4
1893.8 554.7 1900.6 555.8
1910.6 561.9 1917.4 562.3
-1 -1 -1 -1
17.2 596.3 -1 -1
32.9 591.9 17.0 595.5
50.1 585.1 34.4 590.2
70.3 579.3 52.8 584.3
90.8 575.2 74.1 578.5
114.5 569.6 98.2 572.2
138.8 563.8 123.5 565.9
166.1 556.8 150.9 560.0
195.3 551.1 180.7 552.5
227.4 543.8 213.1 545.2
263.1 536.8 249.5 538.2
301.8 530.2 289.0 531.3
343.4 523.1 331.0 523.7
389.2 515.9 377.2 517.1
438.5 509.8 427.4 509.7
491.6 502.7 481.3 503.1
548.2 496.7 539.0 497.1
609.2 491.6 600.7 491.7
673.2 486.8 665.3 486.6
740.3 483.3 733.6 482.5
809.3 480.0 803.7 479.4
881.4 478.2 875.8 477.5
954.1 478.3 949.1 477.0
1027.4 477.2 1022.0 477.4
1097.5 480.0 1094.1 478.9
1167.3 482.7 1164.8 482.1
1235.5 486.4 1233.4 485.4
1299.5 491.2 1298.5 490.4
1360.5 495.7 1360.2 495.5
1419.1 501.9 1418.9 501.5
1472.1 508.3 1472.6 508.0
1522.3 515.2 1523.3 514.9
1568.5 520.6 1570.9 521.7
1611.2 528.6 1613.2 529.0
1649.8 535.9 1652.8 536.1
1686.8 542.3 1689.5 542.8
1718.4 547.9 1722.9 549.3
1748.6 555.9 1752.8 556.5
1775.7 562.4 1780.6 562.7
1801.4 568.6 1806.4 569.4
1824.5 574.2 1830.6 575.5
1846.5 580.1 1853.4 580.9
1865.8 585.0 1872.4 587.0
1883.6 590.5 1889.8 592.3
1898.8 595.4 1906.2 597.5
1914.1 600.3 -1 -1
-1 -1 -1 -1
12.4 639.4 -1 -1
28.8 635.6 12.3 639.4
45.9 630.7 29.5 635.4
64.9 628.0 47.7 630.7
85.5 622.6 69.1 626.2
108.2 618.0 92.6 621.4
133.9 613.3 118.0 616.6
160.1 608.6 145.2 611.4
189.6 602.7 174.7 605.8
221.7 598.3 207.4 600.8
257.4 593.3 243.4 595.3
295.4 587.8 282.7 589.6
337.1 582.3 324.8 583.6
384.1 578.2 371.3 578.4
432.7 571.9 421.6 572.9
485.9 567.5 475.5 567.5
543.4 562.4 534.2 562.7
603.9 557.6 595.9 558.2
669.2 554.6 661.5 554.4
737.0 550.8 730.4 551.4
807.0 549.2 801.2 548.9
879.7 547.3 874.6 547.5
952.9 547.4 948.7 546.9
1027.3 547.7 1023.0 547.3
1100.3 547.8 1096.5 548.4
1170.2 550.6 1167.9 550.6
1239.0 553.4 1236.8 553.6
1304.1 556.9 1303.3 557.3
1366.2 561.4 1365.5 561.6
1424.7 566.7 1424.4 566.3
1477.9 571.4 1478.9 571.4
1528.5 576.5 1529.3 576.2
1575.4 581.2 1576.7 581.8
1616.6 585.8 1619.4 587.3
1655.7 592.3 1659.0 592.9
1692.2 598.1 1695.3 598.0
1725.9 602.1 1729.5 603.3
1754.2 607.4 1759.2 608.8
1781.7 612.4 1786.4 613.5
1806.5 617.8 1811.9 618.6
1830.2 621.7 1835.7 623.3
1851.2 626.0 1858.2 627.9
1870.8 630.3 1877.2 632.2
1887.8 634.1 1894.6 636.4
1903.9 638.1 1910.7 640.4
-1 -1 -1 -1
-1 -1 -1 -1
10.1 681.6 -1 -1
25.2 678.8 9.1 683.7
43.0 677.5 25.9 680.8
61.2 673.4 43.6 677.8
82.0 670.8 65.5 674.4
105.4 666.8 88.8 671.4
129.5 664.9 114.1 667.7
156.7 660.6 141.3 664.0
183.6 656.4 170.2 660.5
218.1 653.3 203.1 656.8
252.4 650.5 238.9 653.3
291.0 647.0 278.2 649.3
333.6 644.1 319.6 644.9
378.8 639.6 367.0 641.4
428.1 636.2 417.2 637.7
482.0 632.5 471.4 633.9
539.1 629.3 530.3 630.6
601.7 625.8 592.2 627.4
666.4 623.9 658.7 624.8
735.3 621.1 727.9 622.5
806.0 620.4 800.0 621.0
879.6 619.0 873.9 620.0
953.8 619.5 949.0 619.4
1027.7 619.4 1023.6 619.6
1101.0 620.2 1097.7 620.5
1173.1 621.3 1169.9 622.1
1241.7 623.8 1239.7 624.1
1308.0 626.0 1306.3 626.5
1369.7 629.0 1369.4 629.4
1428.8 631.8 1428.3 632.6
1482.1 635.0 1483.3 636.0
1532.9 638.7 1533.9 639.9
1579.2 642.4 1581.2 643.5
1621.2 646.9 1624.3 647.2
1659.2 648.8 1663.6 651.1
1696.9 652.6 1699.7 654.6
1729.7 657.4 1733.7 658.4
1758.6 661.7 1763.4 662.1
1784.5 662.5 1790.5 665.3
1810.2 667.5 1815.8 668.7
1833.0 669.8 1839.7 672.2
1852.3 673.3 1861.5 674.9
1874.0 675.2 1880.5 677.8
1891.5 678.4 1897.8 681.0
1906.4 680.5 1913.9 683.5
-1 -1 -1 -1
-1 -1 -1 -1
9.1 723.3 -1 -1
24.8 723.4 6.7 728.7
40.8 720.8 23.7 726.8
59.0 720.6 42.0 725.7
80.4 718.7 63.4 723.3
102.9 717.3 86.4 721.8
127.6 715.6 111.3 720.0
154.3 715.5 138.4 718.2
181.9 712.6 167.2 715.8
215.5 711.4 200.3 714.0
250.7 707.9 236.2 711.9
289.2 708.2 275.5 709.9
330.9 704.6 317.3 707.9
375.7 703.3 364.1 705.5
425.9 700.5 414.4 703.6
479.1 700.0 468.8 701.8
537.2 698.1 527.7 699.6
599.2 696.8 590.4 698.0
664.2 695.9 657.2 696.6
732.9 693.8 726.6 695.6
805.1 693.5 798.9 694.6
878.9 693.1 873.3 694.1
953.0 693.5 948.7 693.9
1027.9 692.5 1024.3 693.8
1102.0 693.3 1098.6 694.4
1173.8 694.2 1171.2 694.7
1243.5 695.2 1241.6 696.2
1309.6 696.2 1308.2 697.3
1371.8 698.3 1371.6 698.9
1430.8 699.5 1430.7 700.6
1485.2 701.8 1486.5 702.2
1535.1 703.0 1536.6 704.2
1581.6 704.5 1584.0 706.1
1623.7 705.9 1627.3 708.1
1662.7 708.8 1666.3 710.2
1697.8 708.6 1702.6 712.1
1731.8 712.2 1736.2 713.9
1760.4 713.6 1765.7 715.5
1787.5 716.1 1793.2 717.5
1812.7 717.6 1818.5 719.5
1835.8 718.5 1841.8 721.2
1856.9 720.2 1863.6 722.6
1877.0 721.6 1883.0 724.3
1893.0 722.9 1900.1 725.8
1908.9 724.0 -1 -1
-1 -1 -1 -1
-1 -1 -1 -1
6.6 766.6 -1 -1
22.6 768.0 -1 -1
39.2 767.5 23.2 773.4
58.1 767.7 41.0 772.6
79.8 767.7 62.5 772.8
102.2 767.5 85.8 772.4
126.4 767.5 110.8 772.5
153.5 767.1 137.4 771.8
181.4 767.6 166.5 771.7
214.5 767.2 199.5 771.4
249.4 768.2 235.3 771.4
287.5 767.0 274.2 770.9
329.6 768.2 316.3 770.9
375.3 766.6 363.3 770.6
425.1 768.5 413.4 770.6
478.5 767.7 468.2 770.3
537.0 768.1 526.8 770.1
598.8 767.1 589.6 769.7
665.0 768.1 656.2 769.8
733.3 767.4 726.2 769.4
805.1 768.1 798.6 769.4
879.0 767.2 873.3 769.3
953.6 767.9 948.7 769.1
1027.9 768.2 1024.2 769.3
1102.0 767.5 1099.0 769.1
1173.9 768.0 1171.8 769.1
1244.0 767.2 1242.2 769.0
1309.9 768.1 1309.1 769.0
1373.0 767.4 1372.7 769.3
1430.3 768.4 1431.7 769.3
1485.9 767.5 1487.2 769.3
1535.4 768.8 1537.7 769.3
1582.0 766.3 1584.9 769.4
1624.9 768.4 1628.3 769.5
1663.9 767.3 1667.3 769.7
1699.5 767.8 1703.5 769.9
1733.2 767.8 1737.2 769.9
1761.1 768.3 1766.9 770.1
1788.6 767.2 1794.1 770.3
1814.4 765.2 1819.2 770.2
1836.0 767.5 1842.9 770.6
1857.8 767.6 1864.4 770.7
1877.1 767.5 1883.6 770.5
1893.0 768.1 1900.7 770.7
1909.7 768.1 -1 -1
-1 -1 -1 -1
-1 -1 -1 -1
7.7 810.6 -1 -1
23.0 812.0 -1 -1
40.2 813.0 23.7 819.2
59.9 816.2 41.9 820.7
79.9 816.5 62.8 822.0
103.0 817.8 86.4 822.9
127.1 820.0 111.4 824.5
154.9 822.7 138.0 826.1
182.1 822.6 167.3 827.2
215.4 825.0 200.2 829.3
250.6 825.9 236.0 830.6
288.8 829.5 275.0 832.3
330.8 829.3 316.9 833.7
376.7 834.3 364.0 835.5
425.9 833.2 414.3 836.8
480.1 836.0 468.8 838.6
537.5 836.7 527.7 839.9
598.6 837.9 590.2 841.4
664.9 839.6 656.6 842.5
733.3 840.5 726.4 843.4
805.1 841.8 798.9 843.9
879.2 842.5 873.0 844.4
953.3 842.3 948.7 844.4
1028.1 842.2 1024.1 844.3
1101.9 842.2 1098.7 843.8
1174.0 841.2 1171.1 842.9
1243.5 840.1 1241.4 841.9
1309.5 838.5 1308.4 840.7
1371.5 838.2 1371.8 839.2
1430.1 835.2 1430.7 837.7
1485.0 834.9 1486.3 836.3
1535.4 832.4 1536.8 834.4
1581.2 831.1 1584.0 832.7
1624.4 828.0 1627.3 830.7
1662.3 827.6 1666.2 829.3
1698.5 824.6 1702.5 827.5
1731.7 823.4 1736.5 826.0
1758.4 820.8 1765.9 824.4
1787.5 820.2 1793.2 822.7
1812.5 817.7 1818.5 821.4
1835.4 816.7 1841.8 819.7
1857.0 814.9 1863.9 818.5
1876.4 814.2 1883.0 817.4
1892.6 811.3 1900.2 816.0
1908.5 812.3 -1 -1
-1 -1 -1 -1
-1 -1 -1 -1
9.5 853.2 -1 -1
25.8 856.3 -1 -1
42.6 859.8 25.8 865.2
62.2 861.1 44.2 867.6
81.9 864.0 65.0 870.0
104.5 869.6 88.8 873.6
129.4 870.3 113.8 876.4
155.9 873.8 141.1 879.5
183.0 876.4 169.9 882.9
216.4 881.2 202.6 886.1
252.9 884.7 238.7 889.3
292.4 887.3 277.7 892.9
332.8 892.3 319.3 896.2
378.5 896.2 366.6 899.6
428.2 899.0 416.7 903.2
481.5 902.6 471.2 906.1
539.7 905.8 529.8 909.3
600.7 909.0 591.8 912.1
666.8 911.4 658.4 914.3
735.0 913.5 727.5 916.3
805.9 914.3 799.5 917.7
879.6 915.7 873.5 918.7
954.1 916.7 948.5 918.8
1027.8 916.2 1023.6 918.7
1100.9 915.3 1097.6 917.7
1172.8 913.6 1170.1 916.2
1240.4 910.5 1239.7 914.2
1307.6 909.6 1306.4 911.6
1369.1 905.3 1369.3 909.1
1428.1 903.3 1428.5 905.8
1482.5 899.3 1483.3 902.3
1532.6 896.0 1534.0 899.0
1579.4 893.1 1581.4 895.6
1621.7 889.5 1624.5 891.7
1660.1 885.3 1663.7 888.3
1695.0 883.4 1700.0 884.8
1730.0 878.7 1734.0 881.6
1758.6 875.2 1763.3 878.2
1785.7 871.9 1790.7 874.8
1810.3 867.7 1816.0 871.8
1833.2 865.4 1839.3 868.8
1854.7 862.1 1861.5 866.4
1874.8 860.8 1880.9 863.5
1890.7 857.1 1897.9 860.9
1907.1 854.0 -1 -1
-1 -1 -1 -1
-1 -1 -1 -1
11.8 896.8 -1 -1
29.8 902.2 12.5 907.2
47.0 903.3 29.4 910.6
65.1 909.4 47.8 915.0
85.6 913.5 68.9 918.6
108.5 916.8 92.5 923.4
132.9 922.5 117.6 927.6
160.1 926.8 144.7 932.3
189.6 931.7 174.2 937.2
221.8 937.1 207.0 942.3
257.0 942.3 243.3 947.2
295.5 947.7 282.4 952.5
336.7 953.4 324.2 957.7
383.0 958.0 370.8 962.5
432.9 962.7 421.3 967.8
485.8 968.5 474.8 972.8
543.0 973.6 533.5 976.9
604.7 977.4 595.4 981.0
669.3 980.8 661.2 984.7
737.6 984.2 729.8 987.5
807.8 986.1 801.1 989.7
880.2 987.8 874.3 991.0
954.2 987.7 948.6 991.4
1027.4 988.0 1022.6 990.9
1099.7 986.6 1096.1 990.0
1170.7 984.5 1167.7 987.5
1238.8 981.2 1236.7 984.7
1304.9 978.6 1303.0 981.1
1366.4 973.3 1365.3 976.8
1423.8 968.8 1424.5 972.3
1478.2 964.2 1479.1 967.4
1527.8 958.5 1529.6 962.4
1574.8 954.1 1576.8 957.0
1617.0 948.0 1619.7 951.9
1655.4 943.5 1659.1 946.6
1692.2 937.6 1695.9 941.5
1725.7 932.3 1729.6 936.5
1754.8 927.7 1759.3 931.3
1781.6 922.4 1786.4 926.8
1806.9 918.0 1812.4 921.9
1829.8 913.3 1835.8 917.5
1850.3 907.9 1858.4 913.8
1870.6 906.1 1877.2 909.7
1887.6 900.5 1894.5 905.4
1903.9 896.7 1910.7 901.5
-1 -1 -1 -1
-1 -1 -1 -1
16.9 938.0 -1 -1
34.9 942.6 16.9 950.5
50.5 949.1 34.2 955.5
67.2 954.6 52.9 960.9
91.4 960.1 73.7 966.7
114.0 966.0 98.0 972.2
139.8 972.7 123.4 978.1
166.7 977.8 150.4 984.1
195.0 985.4 180.3 991.0
227.2 991.7 212.3 997.5
263.0 998.2 249.0 1004.2
301.8 1005.0 288.2 1010.7
345.4 1014.0 330.5 1017.4
388.6 1019.4 376.5 1024.0
439.0 1026.4 426.7 1030.5
491.1 1032.1 480.4 1036.9
548.4 1038.0 538.3 1042.7
608.5 1044.0 600.0 1047.8
673.6 1049.0 664.8 1052.6
739.8 1052.9 732.7 1056.4
809.8 1055.0 803.2 1059.0
881.3 1056.7 875.5 1060.7
953.2 1057.0 948.3 1061.3
1025.9 1057.8 1021.6 1061.1
1097.6 1055.3 1093.9 1058.8
1167.0 1053.1 1164.7 1056.1
1235.2 1049.3 1233.2 1052.7
1300.0 1044.2 1298.4 1047.9
1361.6 1039.6 1360.5 1042.7
1419.2 1033.1 1418.9 1037.0
1472.2 1026.4 1473.1 1030.4
1522.1 1020.3 1523.6 1023.8
1569.4 1014.1 1570.7 1017.2
1610.7 1006.3 1613.6 1010.3
1650.3 999.6 1653.4 1003.4
1685.9 992.6 1689.7 996.7
1719.5 985.7 1723.4 990.3
1748.5 979.7 1753.4 983.6
1775.1 971.9 1781.1 977.3
1800.9 966.8 1806.9 971.2
1824.9 961.5 1831.1 965.5
1847.1 955.1 1853.7 959.8
1865.6 949.8 1872.4 954.7
1883.2 944.2 1889.8 949.5
1899.1 938.5 1906.3 944.4
1915.1 932.8 -1 -1
-1 -1 -1 -1
22.7 980.4 -1 -1
39.4 986.8 22.3 993.0
56.9 992.2 40.3 999.4
75.4 999.8 59.2 1006.2
97.4 1006.0 80.0 1013.3
120.9 1013.4 103.9 1020.0
146.2 1021.4 130.2 1027.4
173.6 1028.9 157.9 1034.7
202.3 1036.7 187.6 1042.7
234.6 1044.5 220.3 1051.0
270.6 1053.0 256.2 1059.0
309.9 1061.3 295.8 1067.1
351.8 1068.6 338.2 1075.1
396.4 1077.9 383.6 1083.4
445.2 1086.1 434.0 1091.2
498.4 1093.3 487.5 1098.6
554.3 1100.9 544.3 1105.6
614.5 1106.7 605.5 1111.9
677.3 1113.5 669.4 1117.4
744.1 1117.6 736.3 1121.7
812.8 1120.9 805.6 1125.6
882.7 1123.0 876.7 1127.5
953.8 1123.8 948.4 1128.1
1025.1 1123.4 1020.3 1127.3
1095.2 1121.2 1091.8 1125.4
1164.0 1118.0 1161.0 1122.2
1230.4 1113.5 1228.4 1117.5
1295.1 1108.6 1292.8 1112.1
1354.5 1102.4 1354.5 1106.2
1412.2 1094.8 1411.8 1098.7
1464.9 1086.9 1465.8 1091.2
1515.2 1079.8 1516.5 1083.7
1561.0 1071.0 1563.1 1075.1
1603.2 1062.9 1605.7 1066.8
1642.0 1054.3 1645.6 1058.6
1678.9 1046.1 1682.6 1050.8
1711.7 1037.9 1715.6 1042.6
1741.3 1029.7 1746.1 1034.8
1768.8 1022.2 1774.3 1027.0
1794.8 1014.7 1800.4 1019.5
1818.7 1006.6 1824.7 1012.7
1840.8 1000.8 1847.0 1005.6
1860.2 993.6 1865.9 999.0
1877.5 986.7 1884.1 992.6
1893.8 981.0 1900.7 986.4
1910.2 975.3 1917.4 980.1
13.3 1014.3 -1 -1
29.7 1020.5 12.6 1028.0
46.1 1028.0 29.2 1034.8
63.7 1035.5 47.7 1042.6
83.1 1043.1 66.8 1050.2
104.7 1051.3 87.7 1058.6
127.9 1059.9 112.0 1066.6
153.9 1067.9 137.7 1074.8
181.2 1078.1 166.3 1083.8
211.3 1086.0 196.5 1092.8
243.4 1096.0 229.2 1102.6
280.0 1105.8 265.1 1111.9
318.3 1114.6 304.7 1121.0
360.2 1124.5 347.1 1130.5
405.4 1134.0 392.5 1140.2
454.2 1143.5 441.8 1149.0
505.9 1152.0 495.3 1157.2
562.3 1160.3 551.8 1165.3
621.0 1167.5 611.6 1172.4
682.6 1173.0 675.0 1178.9
748.3 1178.7 740.8 1183.7
815.4 1182.5 808.4 1187.5
884.7 1184.6 878.1 1189.9
953.7 1185.7 948.7 1191.0
1024.3 1184.8 1019.2 1190.0
1092.5 1183.6 1088.5 1187.7
1160.2 1179.2 1156.8 1184.0
1225.0 1174.0 1223.1 1179.4
1288.2 1168.2 1286.7 1173.2
1348.0 1161.5 1346.9 1166.0
1404.3 1152.8 1403.8 1157.9
1456.5 1144.5 1457.5 1149.5
1506.8 1135.6 1507.7 1140.5
1552.0 1126.0 1553.8 1130.8
1594.1 1116.4 1596.9 1121.1
1634.1 1107.5 1636.6 1112.3
1669.9 1097.9 1673.8 1103.1
1703.0 1088.7 1706.8 1093.3
1732.6 1079.0 1737.5 1084.1
1760.6 1069.5 1765.8 1075.1
1786.6 1060.9 1792.2 1066.6
1811.0 1052.8 1817.1 1058.7
1833.1 1045.1 1838.8 1050.8
1852.7 1036.9 1858.8 1042.4
1870.4 1029.0 1877.3 1034.6
1887.5 1022.1 1894.1 1027.7
1904.7 1015.2 1910.9 1020.8
21.6 1052.1 -1 -1
36.6 1060.4 20.4 1067.9
54.1 1068.4 37.3 1075.5
72.0 1076.5 55.8 1084.0
91.8 1086.5 75.6 1093.2
113.2 1095.5 96.6 1102.4
137.1 1104.4 120.4 1111.5
163.5 1114.8 147.2 1121.4
191.4 1123.9 176.1 1131.1
221.5 1134.6 206.4 1141.5
253.6 1145.1 239.4 1151.8
290.0 1155.6 275.0 1162.7
328.8 1166.9 314.5 1172.9
369.9 1177.2 357.1 1183.3
414.9 1187.3 402.5 1193.4
463.1 1197.7 451.4 1203.6
515.1 1206.9 503.8 1212.9
569.9 1215.9 559.8 1221.7
628.3 1223.7 618.8 1229.5
689.1 1231.2 680.6 1236.5
753.4 1237.1 744.9 1242.3
818.7 1240.8 811.6 1246.3
885.9 1243.0 879.9 1248.5
954.7 1243.9 948.4 1249.6
1021.3 1242.4 1017.5 1248.6
1089.2 1241.4 1085.4 1246.3
1155.5 1237.3 1152.2 1242.5
1219.6 1232.2 1217.2 1237.3
1281.1 1225.2 1279.4 1230.2
1339.3 1217.3 1338.7 1222.3
1395.2 1208.3 1395.2 1213.6
1448.2 1199.1 1448.6 1204.6
1496.6 1189.3 1497.6 1194.5
1542.0 1178.4 1543.6 1184.0
1583.8 1168.0 1586.5 1173.5
1623.5 1157.8 1626.8 1163.2
1660.1 1147.6 1663.3 1152.7
1693.0 1136.0 1696.8 1141.7
1723.0 1126.1 1727.7 1132.2
1751.5 1115.9 1756.6 1122.0
1778.0 1106.2 1783.3 1112.4
1801.9 1096.9 1808.3 1103.2
1824.3 1087.8 1830.4 1093.5
1844.1 1078.5 1850.4 1084.6
1862.7 1070.3 1869.2 1076.0
1879.3 1061.6 1886.2 1067.8
1895.9 1052.9 1903.1 1059.7
29.6 1090.6 12.6 1097.9
45.6 1099.0 28.7 1106.3
62.6 1107.9 46.4 1115.5
81.3 1117.5 65.1 1124.8
101.1 1127.2 85.5 1134.8
122.8 1138.3 107.1 1144.8
147.2 1148.7 130.4 1155.7
173.6 1158.6 157.7 1166.0
201.7 1169.4 186.4 1176.8
232.3 1180.6 217.5 1187.9
265.1 1192.4 250.9 1199.1
300.1 1203.9 286.6 1210.8
338.9 1216.3 325.2 1222.4
381.1 1226.6 367.8 1233.3
425.3 1238.2 413.3 1244.3
473.5 1248.6 461.7 1254.9
524.3 1258.9 513.2 1265.4
578.4 1268.0 568.3 1274.9
635.2 1277.5 626.3 1283.0
696.2 1283.9 687.1 1289.8
758.5 1290.1 750.0 1296.2
822.2 1294.4 814.9 1300.4
888.3 1297.1 881.4 1303.3
953.7 1297.8 948.5 1304.4
1021.2 1296.9 1015.7 1303.6
1085.8 1295.1 1082.0 1300.9
1150.0 1291.2 1147.1 1296.6
1213.2 1285.2 1210.4 1290.7
1273.4 1278.2 1271.5 1283.8
1331.5 1270.1 1330.1 1275.6
1386.4 1260.8 1386.0 1266.6
1437.2 1250.3 1438.0 1256.3
1485.5 1240.0 1486.7 1245.4
1530.8 1228.6 1532.6 1234.3
1573.5 1217.1 1575.8 1223.2
1612.9 1206.5 1615.7 1212.0
1648.2 1194.7 1651.9 1200.3
1682.1 1183.1 1685.5 1188.7
1712.1 1171.5 1716.8 1177.7
1741.1 1160.5 1746.1 1166.7
1767.6 1149.7 1773.2 1156.7
1793.1 1140.2 1798.2 1146.3
1814.7 1129.4 1820.4 1135.7
1834.6 1118.5 1840.7 1126.0
1853.2 1109.6 1859.9 1116.4
1871.1 1100.3 1877.4 1107.2
1889.1 1091.0 1894.8 1098.0
38.9 1127.1 21.3 1134.8
55.2 1136.4 38.1 1144.3
72.9 1146.3 56.3 1154.2
91.5 1156.7 75.4 1164.0
111.8 1167.6 95.8 1174.7
133.2 1178.9 118.4 1186.1
158.0 1190.0 142.5 1198.1
184.6 1201.2 168.4 1208.7
213.4 1212.9 197.6 1220.2
243.8 1224.7 229.1 1232.1
276.9 1237.0 262.6 1244.2
312.5 1249.8 298.5 1256.4
350.0 1261.7 337.1 1268.9
392.2 1274.1 379.2 1281.0
437.2 1285.8 424.6 1292.2
484.6 1297.0 472.4 1303.4
534.7 1307.7 523.5 1314.1
587.4 1318.1 577.6 1324.1
644.3 1326.6 634.2 1333.3
703.0 1334.1 693.8 1340.3
763.4 1339.6 755.4 1346.1
826.4 1343.5 818.7 1350.6
889.5 1346.8 883.2 1353.6
955.0 1347.6 948.6 1354.5
1018.3 1347.0 1013.7 1353.6
1083.1 1344.4 1078.5 1351.1
1145.0 1340.6 1142.1 1346.8
1206.4 1334.7 1204.0 1341.0
1265.8 1327.9 1263.7 1334.0
1323.3 1318.4 1321.1 1325.5
1375.9 1309.2 1375.4 1315.6
1426.7 1298.6 1427.0 1304.6
1473.9 1287.0 1475.4 1293.7
1519.4 1275.9 1521.3 1282.2
1562.2 1264.1 1564.2 1270.7
1600.9 1251.5 1603.2 1258.2
1636.8 1239.6 1639.5 1245.6
1669.7 1226.7 1673.5 1233.6
1701.0 1215.1 1705.3 1221.5
1729.8 1203.2 1734.6 1210.3
1757.0 1192.2 1762.6 1199.2
1781.7 1181.1 1787.1 1187.4
1804.2 1169.7 1809.6 1176.4
1824.4 1158.6 1830.5 1165.4
1843.7 1147.9 1849.9 1155.2
1861.4 1138.0 1868.2 1145.4
1879.2 1128.2 1886.5 1135.6
48.0 1163.7 31.3 1170.5
65.1 1172.8 48.2 1180.5
82.6 1184.1 66.0 1191.0
103.2 1195.1 86.3 1201.7
123.2 1205.8 107.2 1213.6
145.7 1217.8 129.9 1225.2
169.4 1230.5 154.4 1237.5
196.5 1241.9 180.3 1250.1
225.8 1254.3 210.2 1262.2
256.4 1266.7 241.3 1274.3
289.9 1280.1 275.3 1287.0
325.4 1292.8 311.6 1299.8
363.2 1305.6 350.2 1312.6
404.5 1318.3 391.6 1325.5
448.6 1330.8 435.7 1337.3
495.6 1341.7 483.6 1349.0
545.3 1352.4 534.1 1359.4
597.7 1362.8 587.1 1369.5
651.7 1372.8 642.8 1378.7
709.8 1380.0 700.5 1386.6
768.5 1386.8 760.6 1393.1
830.2 1391.1 822.3 1397.6
891.1 1395.5 885.1 1400.3
953.6 1393.0 948.4 1401.4
1017.4 1393.7 1012.0 1400.4
1079.5 1391.6 1074.9 1397.9
1140.9 1386.4 1136.7 1393.6
1199.8 1381.0 1197.3 1387.6
1257.5 1373.6 1255.5 1379.8
1312.5 1363.9 1311.4 1370.9
1365.5 1354.2 1365.0 1360.6
1415.8 1343.9 1415.5 1350.3
1462.9 1332.1 1463.6 1339.2
1507.9 1320.6 1509.3 1327.4
1549.0 1308.0 1551.4 1314.4
1588.1 1295.0 1590.2 1301.7
1623.4 1281.8 1626.7 1288.9
1657.3 1269.5 1661.3 1275.9
1688.9 1256.2 1692.8 1264.1
1718.8 1244.1 1722.8 1251.8
1745.1 1232.6 1750.3 1239.6
1769.7 1220.1 1775.0 1227.1
1792.1 1208.1 1798.0 1215.3
1813.6 1196.3 1819.2 1203.6
1833.1 1184.7 1839.2 1193.1
1851.5 1174.5 1857.9 1182.0
1869.8 1164.3 1876.6 1170.9
58.3 1197.2 41.8 1205.6
76.0 1208.8 59.0 1215.8
94.2 1219.4 78.1 1227.2
114.1 1231.2 97.9 1238.4
135.4 1243.0 119.4 1250.5
157.5 1255.7 142.5 1262.8
182.3 1268.5 166.8 1274.9
208.5 1281.4 193.6 1288.7
238.3 1294.2 222.5 1301.6
269.0 1306.5 254.2 1314.4
303.6 1320.2 288.4 1327.3
338.6 1332.8 324.7 1340.2
376.9 1346.5 363.6 1354.0
417.1 1359.7 404.4 1366.5
460.3 1372.2 448.3 1379.3
506.6 1384.3 494.9 1391.3
555.8 1394.3 544.6 1401.9
607.2 1404.6 596.6 1411.9
661.0 1413.7 651.1 1420.8
716.6 1422.0 707.5 1428.5
774.8 1428.1 766.1 1434.9
836.2 1432.2 826.1 1439.7
892.4 1435.1 886.7 1442.6
955.5 1436.0 948.6 1443.7
1015.1 1436.0 1010.1 1443.2
1076.1 1433.1 1071.0 1440.5
1134.4 1428.4 1131.4 1435.9
1193.4 1422.5 1190.1 1429.6
1249.1 1415.3 1246.8 1422.2
1303.1 1406.4 1301.8 1413.3
1355.3 1396.7 1354.1 1403.6
1404.2 1385.8 1404.5 1392.7
1451.6 1374.3 1452.1 1381.6
1495.1 1361.7 1496.1 1369.1
1536.2 1348.5 1537.8 1355.7
1574.8 1335.2 1576.8 1342.8
1611.0 1322.2 1613.4 1329.6
1644.1 1309.0 1648.1 1316.6
1676.8 1295.6 1680.4 1303.8
1705.4 1283.5 1710.7 1291.2
1733.0 1270.5 1737.4 1278.0
1757.2 1257.6 1761.8 1265.8
1780.3 1244.3 1785.5 1252.9
1801.7 1232.9 1807.5 1240.7
1821.9 1221.2 1827.8 1229.1
1840.7 1209.5 1847.5 1217.5
1859.5 1197.8 1867.2 1205.9
68.9 1230.6 52.2 1238.6
87.1 1241.9 70.5 1249.8
105.6 1253.9 89.5 1261.2
125.9 1265.5 109.6 1272.8
147.5 1278.4 131.6 1285.4
170.9 1290.8 155.3 1298.3
195.3 1304.3 180.2 1311.2
222.0 1318.1 207.3 1325.2
250.8 1331.8 236.0 1339.0
282.4 1344.3 267.4 1352.5
315.8 1358.1 301.6 1365.5
351.8 1371.0 338.3 1379.2
389.9 1384.9 376.2 1391.6
430.3 1397.7 417.1 1404.7
472.8 1410.5 460.7 1417.6
518.0 1422.7 506.5 1429.9
566.3 1434.1 554.7 1441.4
616.9 1443.8 605.9 1451.3
669.5 1452.5 659.3 1460.2
724.2 1460.3 714.7 1467.7
780.4 1466.4 771.6 1473.8
837.0 1470.7 829.8 1478.4
894.5 1474.8 889.0 1481.0
954.3 1473.8 948.4 1482.4
1015.4 1473.6 1008.3 1481.6
1071.7 1471.6 1067.4 1478.9
1130.1 1466.9 1125.7 1474.8
1185.9 1461.7 1183.1 1468.7
1240.7 1454.3 1238.4 1461.5
1294.2 1445.5 1292.2 1453.1
1344.6 1435.6 1343.9 1443.4
1393.1 1425.1 1393.1 1432.1
1439.1 1412.8 1439.2 1420.2
1482.3 1400.0 1483.2 1407.5
1522.9 1386.7 1524.9 1394.2
1561.3 1373.5 1563.4 1381.2
1597.1 1360.0 1600.2 1368.0
1631.1 1346.7 1634.8 1354.9
1663.0 1333.7 1667.3 1341.7
1692.8 1320.6 1696.8 1328.3
1719.2 1306.5 1723.6 1315.2
1745.1 1292.9 1749.2 1301.4
1767.8 1280.0 1772.8 1288.9
1789.7 1268.0 1795.2 1275.9
1809.9 1255.9 1815.9 1264.2
1829.7 1243.6 1835.6 1252.4
1849.6 1231.3 1855.3 1240.6
80.4 1262.8 64.2 1271.3
99.1 1274.8 81.7 1282.5
118.2 1286.7 101.5 1294.3
138.7 1299.1 122.4 1307.0
160.8 1312.0 145.0 1319.6
184.2 1325.4 168.5 1332.4
209.1 1338.5 194.3 1346.0
236.1 1353.0 221.4 1359.5
264.4 1366.9 249.6 1373.2
295.8 1380.6 281.1 1387.8
329.4 1393.6 314.9 1401.3
365.4 1407.0 351.3 1414.5
403.4 1420.6 389.0 1427.6
443.1 1433.4 430.1 1440.6
485.8 1446.1 473.4 1453.5
530.2 1458.3 518.5 1465.3
577.1 1469.7 566.0 1476.7
625.9 1480.6 615.7 1487.4
677.6 1489.0 667.6 1496.8
730.6 1496.3 721.5 1504.0
785.1 1502.0 776.8 1509.7
840.9 1506.5 833.4 1514.1
897.9 1509.6 890.8 1516.9
954.9 1510.4 948.8 1518.3
1011.1 1509.1 1006.4 1517.4
1070.0 1506.6 1063.8 1514.8
1124.1 1502.4 1120.7 1511.0
1180.0 1497.2 1176.3 1505.3
1233.0 1489.9 1230.6 1498.0
1284.7 1482.1 1283.2 1489.3
1334.1 1471.6 1333.1 1479.0
1381.4 1460.5 1381.0 1468.1
1426.7 1448.6 1426.7 1456.3
1469.0 1435.9 1470.3 1443.3
1509.7 1422.6 1511.5 1430.5
1548.1 1409.0 1550.2 1417.5
1584.0 1395.8 1587.0 1404.4
1618.2 1382.2 1621.4 1391.1
1649.9 1369.3 1653.0 1377.5
1679.1 1354.6 1682.3 1363.3
1706.2 1341.2 1710.1 1349.5
1731.4 1327.0 1735.7 1336.0
1755.0 1313.9 1760.0 1322.8
1776.8 1300.9 1782.3 1310.1
1797.9 1289.3 1804.0 1297.5
1817.1 1276.6 1823.8 1285.4
1836.3 1263.9 1843.6 1273.2
92.0 1295.1 76.1 1303.9
111.0 1307.8 93.0 1315.2
130.8 1319.6 113.6 1327.3
151.5 1332.8 135.2 1341.1
174.0 1345.6 158.5 1353.8
197.5 1359.9 181.7 1366.5
222.9 1372.8 208.5 1380.7
250.2 1387.9 235.4 1393.9
278.1 1401.9 263.2 1407.5
309.1 1416.9 294.9 1423.2
343.0 1429.2 328.3 1437.2
379.0 1443.1 364.4 1449.8
416.9 1456.2 401.8 1463.6
455.9 1469.0 443.2 1476.6
498.7 1481.8 486.0 1489.4
542.3 1493.9 530.4 1500.8
587.9 1505.2 577.3 1512.1
634.9 1517.3 625.6 1523.4
685.8 1525.5 675.8 1533.5
737.0 1532.4 -1 -1
-1 -1 -1 -1
-1 -1 -1 -1
-1 -1 -1 -1
-1 -1 -1 -1
-1 -1 -1 -1
-1 -1 -1 -1
-1 -1 -1 -1
1174.0 1532.8 -1 -1
1225.3 1525.6 1222.8 1534.5
1275.2 1518.7 1274.1 1525.6
1323.6 1507.6 1322.3 1514.7
1369.7 1495.9 1368.9 1504.1
1414.4 1484.3 1414.1 1492.3
1455.6 1471.8 1457.4 1479.2
1496.4 1458.5 1498.1 1466.8
1535.0 1444.6 1537.0 1453.8
1570.9 1431.6 1573.9 1440.7
1605.3 1417.7 1608.0 1427.3
1636.8 1404.9 1638.7 1413.2
1665.4 1388.7 1667.8 1398.4
1693.1 1375.8 1696.6 1383.9
1717.8 1361.2 1722.2 1370.6
1742.2 1347.8 1747.3 1356.8
1763.9 1333.9 1769.5 1344.3
1785.9 1322.6 1792.1 1330.9
1804.4 1309.5 1812.1 1318.3
1823.6 1296.8 1831.9 1306.2
